Year	Data	Err-	Err+
-803718.87000	207.29000	1.10000	1.10000
-803182.44000	202.23000	0.34500	0.34500
-802572.67000	204.86000	0.82000	0.82000
-802059.87000	207.50000	0.46000	0.46000
-801975.28000	202.92000	1.03000	1.03000
-801759.25000	202.65000	0.52000	0.52000
-800922.09000	198.66000	0.49000	0.49000
-799286.06000	198.68000	0.87000	0.87000
-796731.30000	200.49000	1.09500	1.09500
-795428.82000	197.91000	0.71000	0.71000
-794902.59000	198.79000	1.05000	1.05000
-793737.32000	204.62000	0.99500	0.99500
-793172.45000	208.79000	0.83500	0.83500
-791902.76000	218.39000	0.96500	0.96500
-791569.39000	213.36000	0.80000	0.80000
-790667.30000	214.45000	1.26500	1.26500
-790080.78000	224.69000	1.83500	1.83500
-789106.88000	230.55000	0.88500	0.88500
-788689.41000	227.38000	0.42000	0.42000
-788003.01000	235.49000	1.49500	1.49500
-787544.04000	238.64000	0.39000	0.39000
-786741.87000	257.02000	1.34500	1.34500
-786529.24000	257.20000	0.76000	0.76000
-785853.57000	266.00000	0.36500	0.36500
-785405.51000	269.36000	0.63000	0.63000
-784613.26000	264.35000	0.69000	0.69000
-784239.60000	262.23000	1.28500	1.28500
-783569.05000	259.66000	0.12000	0.12000
-783084.08000	255.85000	0.33000	0.33000
-782311.76000	260.92000	1.25500	1.25500
-781248.53000	255.02000	0.53000	0.53000
-780778.45000	257.44000	0.32500	0.32500
-779936.68000	251.51000	0.35000	0.35000
-779612.83000	257.21000	0.30000	0.30000
-778769.44000	252.52000	0.46500	0.46500
-778238.92000	254.43000	1.18000	1.18000
-777417.55000	254.69000	0.56500	0.56500
-777107.98000	254.93000	0.24000	0.24000
-776282.79000	252.46000	0.33500	0.33500
-775731.75000	247.30000	1.00500	1.00500
-774832.70000	248.92000	0.31500	0.31500
-774382.26000	245.32000	0.18000	0.18000
-773588.01000	241.74000	0.43500	0.43500
-773008.81000	238.39000	1.13000	1.13000
-772094.14000	239.23000	0.50000	0.50000
-771734.47000	237.78000	0.75500	0.75500
-771299.82000	246.03000	1.22500	1.22500
-771045.64000	243.85000	1.04500	1.04500
-770787.96000	246.49000	1.08500	1.08500
-770524.56000	243.89000	0.55000	0.55000
-770225.26000	239.71000	0.93500	0.93500
-769862.67000	234.24000	0.80500	0.80500
-769569.33000	236.32000	0.82000	0.82000
-769070.67000	229.56000	0.90000	0.90000
-768649.15000	230.63000	1.05500	1.05500
-767701.42000	225.87000	0.47500	0.47500
-767111.38000	221.64000	0.20500	0.20500
-766167.26000	223.82000	0.25500	0.25500
-765797.16000	224.86000	0.78000	0.78000
-764858.91000	230.62000	0.44500	0.44500
-764238.50000	232.12000	0.69000	0.69000
-763901.48000	229.41000	1.33500	1.33500
-763636.64000	233.66000	1.52500	1.52500
-763231.82000	222.93000	0.46000	0.46000
-762726.88000	223.89000	1.03000	1.03000
-761820.58000	219.95000	0.11500	0.11500
-761151.80000	214.00000	0.93000	0.93000
-760216.04000	214.69000	0.56000	0.56000
-759914.49000	216.64000	0.37500	0.37500
-758989.94000	222.71000	0.61500	0.61500
-758566.06000	225.62000	1.16500	1.16500
-758158.27000	225.37000	0.87500	0.87500
-757928.21000	223.02000	0.34000	0.34000
-757611.88000	226.94000	0.71000	0.71000
-757185.69000	222.72000	0.75000	0.75000
-756412.42000	218.35000	1.17000	1.17000
-755835.45000	213.61000	1.07500	1.07500
-754900.68000	209.45000	0.68000	0.68000
-754616.17000	208.10000	0.98000	0.98000
-753636.83000	203.30000	0.76500	0.76500
-753164.58000	199.05000	0.85000	0.85000
-751984.65000	203.90000	0.92000	0.92000
-751539.07000	195.43000	0.17000	0.17000
-750615.88000	197.50000	0.65000	0.65000
-750023.87000	193.55000	0.94000	0.94000
-749086.25000	191.30000	0.69000	0.69000
-748756.44000	192.08000	0.78500	0.78500
-747864.18000	190.17000	0.88000	0.88000
-747312.93000	188.68000	0.63000	0.63000
-746386.88000	187.54000	0.42000	0.42000
-745990.20000	187.95000	0.63500	0.63500
-745227.04000	187.92000	0.16000	0.16000
-744669.93000	190.24000	0.21000	0.21000
-743721.05000	187.29000	0.62000	0.62000
-742573.14000	188.97000	0.45000	0.45000
-742009.08000	188.18000	0.45500	0.45500
-741112.17000	187.33000	0.36000	0.36000
-740694.75000	188.65000	1.35500	1.35500
-739924.13000	189.14000	0.65500	0.65500
-739379.90000	184.77000	1.03500	1.03500
-738510.92000	183.39000	1.20000	1.20000
-738156.45000	185.40000	1.19000	1.19000
-737224.56000	185.61000	0.16500	0.16500
-736630.99000	191.74000	0.46500	0.46500
-735710.12000	204.52000	0.74500	0.74500
-735319.82000	206.92000	0.78000	0.78000
-734572.22000	213.14000	0.83000	0.83000
-734157.31000	217.19000	0.69000	0.69000
-733459.91000	217.88000	0.41500	0.41500
-733184.57000	214.66000	0.35500	0.35500
-732512.62000	216.15000	0.90500	0.90500
-732072.23000	210.60000	0.51500	0.51500
-731379.00000	207.72000	0.40500	0.40500
-731043.50000	208.11000	0.62000	0.62000
-730371.75000	213.73000	0.94500	0.94500
-729911.00000	211.62000	0.18000	0.18000
-729234.23000	210.70000	0.17000	0.17000
-728958.31000	210.16000	0.34500	0.34500
-728310.31000	212.17000	0.86000	0.86000
-727886.94000	210.01000	0.50500	0.50500
-727037.53000	211.08000	0.39000	0.39000
-726643.90000	210.24000	0.41500	0.41500
-725948.50000	210.07000	0.81000	0.81000
-724626.86000	211.43000	0.38500	0.38500
-724299.59000	211.08000	0.53500	0.53500
-723524.43000	211.49000	0.64000	0.64000
-723025.36000	210.48000	0.18500	0.18500
-722192.00000	214.01000	0.59500	0.59500
-721830.23000	212.55000	0.88500	0.88500
-721044.59000	212.11000	0.34500	0.34500
-720555.81000	216.10000	1.01000	1.01000
-719739.86000	218.96000	0.63500	0.63500
-719457.52000	219.20000	0.59000	0.59000
-718640.76000	217.04000	0.45000	0.45000
-718137.29000	212.03000	0.42000	0.42000
-717337.18000	200.82000	0.37500	0.37500
-716828.35000	193.46000	0.82000	0.82000
-716005.48000	189.88000	0.56500	0.56500
-715398.27000	198.43000	0.58500	0.58500
-714635.91000	210.51000	0.82500	0.82500
-714360.16000	213.60000	0.33000	0.33000
-713615.38000	227.58000	0.27500	0.27500
-713165.73000	223.14000	0.29500	0.29500
-712453.80000	227.08000	1.00500	1.00500
-712115.58000	227.64000	0.80500	0.80500
-711362.50000	223.89000	0.23500	0.23500
-710293.73000	224.00000	0.72500	0.72500
-710071.47000	224.12000	0.74500	0.74500
-709449.04000	225.39000	0.14500	0.14500
-709033.36000	224.90000	0.31000	0.31000
-708506.45000	227.03000	0.36500	0.36500
-707959.55000	230.51000	0.49500	0.49500
-707503.79000	231.43000	0.43000	0.43000
-707009.15000	234.84000	0.57500	0.57500
-706463.45000	233.11000	0.50500	0.50500
-706249.68000	233.58000	0.50000	0.50000
-705693.73000	233.51000	0.73000	0.73000
-705360.70000	238.85000	0.40000	0.40000
-704760.74000	236.05000	0.46500	0.46500
-704542.95000	236.05000	0.87500	0.87500
-704103.20000	237.66000	0.78500	0.78500
-703776.95000	237.18000	0.66500	0.66500
-703293.91000	235.09000	0.84000	0.84000
-703103.34000	234.04000	0.23000	0.23000
-702631.81000	233.54000	0.68000	0.68000
-702300.52000	232.83000	0.26000	0.26000
-701846.07000	232.28000	0.56000	0.56000
-701518.52000	233.35000	0.63000	0.63000
-701059.98000	230.59000	0.13000	0.13000
-700784.27000	232.18000	0.81000	0.81000
-700250.92000	232.16000	0.37500	0.37500
-700043.15000	230.88000	0.51000	0.51000
-699574.52000	232.46000	0.27000	0.27000
-699318.53000	235.42000	0.48500	0.48500
-698864.84000	236.61000	0.24000	0.24000
-698535.02000	236.72000	0.32500	0.32500
-698153.69000	237.21000	0.27500	0.27500
-697914.71000	239.73000	0.40000	0.40000
-697489.02000	239.01000	0.32500	0.32500
-697265.75000	238.86000	0.51000	0.51000
-696803.23000	241.83000	0.36500	0.36500
-696555.54000	240.90000	0.96000	0.96000
-696089.00000	241.03000	0.39500	0.39500
-695796.68000	239.88000	0.63500	0.63500
-695392.45000	238.42000	0.55500	0.55500
-695140.29000	239.44000	0.48000	0.48000
-694694.83000	238.13000	0.64000	0.64000
-694484.89000	238.05000	0.76000	0.76000
-694031.88000	238.74000	0.73000	0.73000
-693782.31000	236.80000	0.28500	0.28500
-693309.26000	239.80000	0.71000	0.71000
-692999.14000	239.31000	0.45500	0.45500
-692586.82000	240.46000	0.35500	0.35500
-692330.35000	239.34000	0.49500	0.49500
-691871.29000	237.76000	0.42000	0.42000
-691624.04000	243.70000	1.05000	1.05000
-691127.09000	238.47000	1.07500	1.07500
-690882.46000	239.30000	0.63500	0.63500
-690368.34000	243.56000	0.28000	0.28000
-690017.96000	239.38000	0.97500	0.97500
-689517.67000	238.42000	0.62000	0.62000
-689271.83000	239.29000	0.52500	0.52500
-688786.39000	236.45000	0.26500	0.26500
-688524.65000	235.80000	0.49500	0.49500
-688001.45000	232.27000	0.74500	0.74500
-687743.26000	232.07000	0.64500	0.64500
-687207.83000	230.67000	0.83000	0.83000
-686859.87000	227.64000	0.57000	0.57000
-686350.13000	227.65000	0.67000	0.67000
-686050.38000	226.73000	0.50000	0.50000
-685495.50000	222.97000	0.62000	0.62000
-685204.04000	222.70000	0.52500	0.52500
-684631.81000	222.62000	0.52500	0.52500
-684319.11000	220.63000	0.69500	0.69500
-683729.87000	220.62000	0.35000	0.35000
-683344.84000	221.82000	0.38500	0.38500
-682808.06000	224.36000	0.64500	0.64500
-682473.68000	225.64000	0.82500	0.82500
-681878.75000	222.70000	0.30000	0.30000
-681507.86000	220.24000	0.84000	0.84000
-680790.09000	219.14000	0.47500	0.47500
-680393.71000	221.31000	0.44500	0.44500
-679719.93000	227.90000	0.66000	0.66000
-679275.67000	225.81000	0.60500	0.60500
-678677.61000	233.11000	0.58000	0.58000
-678362.58000	233.61000	0.27500	0.27500
-677785.17000	232.70000	0.45000	0.45000
-677505.37000	229.16000	0.40500	0.40500
-676791.62000	220.09000	0.76000	0.76000
-676378.18000	218.21000	0.69000	0.69000
-675650.74000	216.59000	0.46500	0.46500
-675202.31000	219.96000	0.30500	0.30500
-674580.74000	222.57000	0.38000	0.38000
-673456.53000	216.12000	0.40500	0.40500
-673078.40000	211.69000	0.29000	0.29000
-672279.38000	204.67000	0.36500	0.36500
-671746.11000	201.12000	0.50000	0.50000
-670811.38000	197.13000	0.49500	0.49500
-670200.88000	194.79000	0.29000	0.29000
-669507.93000	196.83000	0.34500	0.34500
-669120.75000	194.88000	0.48500	0.48500
-668346.32000	191.51000	0.46000	0.46000
-667869.30000	187.66000	0.09000	0.09000
-666965.54000	180.67000	0.35500	0.35500
-666465.26000	177.71000	0.34000	0.34000
-665459.86000	173.71000	0.69000	0.69000
-664803.36000	174.77000	0.52000	0.52000
-663886.52000	180.54000	0.56000	0.56000
-663371.94000	180.17000	0.56000	0.56000
-662458.09000	187.77000	0.41500	0.41500
-662370.40000	192.55000	0.65000	0.65000
-661987.52000	191.02000	0.60000	0.60000
-660927.55000	190.86000	0.51000	0.51000
-660846.61000	193.91000	1.06000	1.06000
-660332.18000	189.69000	0.76000	0.76000
-659265.90000	191.59000	0.38500	0.38500
-659168.32000	193.97000	0.49500	0.49500
-658513.55000	188.43000	0.47500	0.47500
-657461.90000	185.68000	0.20500	0.20500
-657343.82000	187.38000	0.53000	0.53000
-656814.10000	184.10000	0.14500	0.14500
-655772.00000	190.88000	0.43500	0.43500
-655704.21000	189.23000	0.89000	0.89000
-655231.09000	192.93000	0.32500	0.32500
-654182.65000	200.35000	0.37500	0.37500
-653574.35000	200.00000	0.26500	0.26500
-652488.65000	194.82000	0.49000	0.49000
-651780.25000	192.87000	0.92500	0.92500
-650758.95000	186.79000	0.48500	0.48500
-650154.26000	187.27000	0.27000	0.27000
-648997.10000	193.44000	0.35500	0.35500
-648398.46000	189.25000	0.61000	0.61000
-647241.10000	196.17000	0.22000	0.22000
-646662.42000	193.48000	0.37000	0.37000
-645304.85000	191.85000	0.50000	0.50000
-644426.95000	189.89000	1.01000	1.01000
-643200.65000	195.82000	0.47500	0.47500
-642350.83000	195.31000	0.62500	0.62500
-640906.65000	191.56000	0.56500	0.56500
-640124.60000	191.38000	0.52500	0.52500
-638422.25000	190.18000	0.25000	0.25000
-637468.27000	188.85000	0.48000	0.48000
-635764.37000	195.33000	0.92500	0.92500
-634571.56000	194.00000	0.33000	0.33000
-633059.03000	194.86000	0.88000	0.88000
-632931.14000	195.95000	0.76500	0.76500
-632127.54000	193.10000	0.77500	0.77500
-630406.94000	196.50000	0.75500	0.75500
-629576.32000	200.46000	0.90500	0.90500
-627916.10000	200.78000	0.25000	0.25000
-627819.85000	205.27000	0.43500	0.43500
-627189.62000	199.52000	0.38500	0.38500
-625880.10000	205.76000	0.47000	0.47000
-625019.43000	215.71000	0.24000	0.24000
-624097.50000	228.51000	0.44000	0.44000
-623447.92000	235.02000	0.17500	0.17500
-622546.95000	237.93000	0.51000	0.51000
-621104.95000	239.19000	0.41500	0.41500
-621000.73000	243.89000	1.42000	1.42000
-619701.45000	243.53000	0.40500	0.40500
-618333.75000	245.89000	0.14500	0.14500
-617003.75000	248.29000	0.50000	0.50000
-615659.57000	252.64000	0.53000	0.53000
-614406.60000	252.73000	0.47000	0.47000
-614349.12000	252.90000	0.31000	0.31000
-613190.60000	252.75000	0.53000	0.53000
-611992.80000	256.19000	0.19500	0.19500
-610811.97000	258.14000	0.70500	0.70500
-609650.63000	259.68000	0.58000	0.58000
-609601.01000	257.82000	1.05500	1.05500
-608479.50000	257.74000	0.23000	0.23000
-607297.30000	259.22000	0.91000	0.91000
-606029.30000	254.58000	0.61000	0.61000
-604675.91000	248.48000	0.84000	0.84000
-603353.15000	244.53000	0.35000	0.35000
-601999.15000	239.14000	0.54500	0.54500
-600650.75000	237.86000	0.39500	0.39500
-599305.15000	232.45000	0.65000	0.65000
-597864.63000	229.38000	0.69500	0.69500
-597268.22000	225.97000	0.57000	0.57000
-596379.75000	219.02000	0.50000	0.50000
-595853.61000	216.27000	0.74000	0.74000
-594841.13000	216.44000	0.45500	0.45500
-594271.56000	221.22000	0.88500	0.88500
-593486.47000	232.92000	0.30000	0.30000
-592913.81000	237.98000	0.52500	0.52500
-592096.75000	238.15000	0.44500	0.44500
-591611.25000	233.16000	0.14000	0.14000
-590835.52000	229.39000	0.62500	0.62500
-590433.47000	225.68000	0.56500	0.56500
-589069.47000	237.38000	0.37500	0.37500
-588538.80000	243.56000	0.38000	0.38000
-588090.15000	248.10000	0.28000	0.28000
-587475.35000	250.20000	0.20000	0.20000
-586990.90000	246.35000	0.90000	0.90000
-586329.35000	238.78000	0.49000	0.49000
-585938.67000	234.40000	0.25000	0.25000
-585221.85000	225.99000	0.72500	0.72500
-584770.84000	223.96000	0.43500	0.43500
-582008.80000	210.64000	0.32000	0.32000
-581624.25000	206.68000	0.25500	0.25500
-580886.30000	209.88000	0.59000	0.59000
-580504.53000	215.45000	0.53500	0.53500
-579978.30000	219.41000	0.40500	0.40500
-579596.53000	225.21000	0.78500	0.78500
-579168.65000	230.26000	0.28500	0.28500
-578864.00000	236.17000	0.15000	0.15000
-578451.78000	243.81000	0.43500	0.43500
-578260.50000	244.14000	0.83500	0.83500
-577883.12000	251.47000	0.90000	0.90000
-577330.55000	252.92000	0.53500	0.53500
-576792.35000	249.06000	0.24000	0.24000
-576246.35000	251.08000	0.30000	0.30000
-575703.85000	251.34000	0.56500	0.56500
-575165.10000	251.30000	0.53000	0.53000
-574649.10000	252.90000	0.53000	0.53000
-574162.85000	252.54000	0.26000	0.26000
-573704.53000	248.86000	0.49000	0.49000
-573283.96000	252.08000	0.65000	0.65000
-572856.00000	251.86000	0.35000	0.35000
-572414.65000	251.77000	0.89000	0.89000
-571963.02000	248.72000	0.19500	0.19500
-571525.75000	249.19000	0.54000	0.54000
-571103.52000	247.66000	0.34000	0.34000
-570719.87000	246.31000	0.57500	0.57500
-570365.50000	250.30000	0.52000	0.52000
-570024.69000	251.60000	0.85000	0.85000
-569683.36000	249.60000	0.25000	0.25000
-569311.44000	251.80000	0.65000	0.65000
-568912.13000	251.80000	0.60000	0.60000
-568513.46000	251.30000	0.65000	0.65000
-568117.25000	250.00000	0.65000	0.65000
-567733.93000	251.30000	0.65000	0.65000
-567364.59000	250.20000	0.20000	0.20000
-566980.15000	253.00000	0.30000	0.30000
-566584.24000	252.80000	0.55000	0.55000
-566254.14000	253.90000	0.60000	0.60000
-565934.89000	253.20000	0.45000	0.45000
-565598.65000	254.50000	0.80000	0.80000
-565289.49000	253.90000	0.35000	0.35000
-564968.35000	254.30000	0.80000	0.80000
-564638.64000	253.70000	0.40000	0.40000
-564295.30000	251.40000	0.35000	0.35000
-563945.64000	252.60000	0.50000	0.50000
-563588.96000	252.40000	0.85000	0.85000
-563184.30000	251.40000	0.85000	0.85000
-562774.36000	247.60000	0.75000	0.75000
-562360.56000	245.80000	0.25000	0.25000
-561977.90000	245.70000	0.90000	0.90000
-561585.74000	242.30000	0.25000	0.25000
-561184.85000	240.10000	1.05000	1.05000
-560705.60000	234.10000	0.45000	0.45000
-560360.49000	234.60000	0.75000	0.75000
-559938.07000	231.90000	0.60000	0.60000
-559500.74000	231.60000	0.60000	0.60000
-559015.60000	228.30000	0.45000	0.45000
-558486.62000	230.30000	0.75000	0.75000
-557922.62000	230.20000	0.35000	0.35000
-557686.76000	229.70000	0.20000	0.20000
-557366.01000	234.50000	0.50000	0.50000
-556827.69000	238.10000	0.60000	0.60000
-556356.02000	240.40000	0.45000	0.45000
-556204.56000	245.60000	0.65000	0.65000
-555888.21000	250.50000	0.40000	0.40000
-555707.14000	244.00000	0.75000	0.75000
-555435.05000	249.10000	1.05000	1.05000
-555248.65000	243.00000	0.40000	0.40000
-554973.29000	241.00000	0.70000	0.70000
-554457.02000	233.90000	0.75000	0.75000
-553892.35000	226.70000	0.60000	0.60000
-553208.35000	224.30000	1.10000	1.10000
-552529.62000	223.60000	0.55000	0.55000
-551858.65000	220.30000	0.15000	0.15000
-551669.39000	222.10000	0.55000	0.55000
-551295.99000	226.30000	0.45000	0.45000
-551070.92000	222.30000	0.45000	0.45000
-550731.56000	221.70000	0.70000	0.70000
-550161.09000	219.90000	0.25000	0.25000
-549431.09000	215.20000	0.25000	0.25000
-548632.55000	213.60000	0.45000	0.45000
-548280.73000	208.80000	0.35000	0.35000
-547770.11000	202.50000	0.80000	0.80000
-546820.78000	204.60000	0.95000	0.95000
-545856.68000	209.70000	0.40000	0.40000
-544880.15000	209.60000	0.80000	0.80000
-543914.91000	210.30000	0.80000	0.80000
-542935.99000	208.10000	0.40000	0.40000
-541894.87000	203.60000	0.60000	0.60000
-540790.21000	205.00000	0.40000	0.40000
-539703.82000	211.20000	0.35000	0.35000
-538633.82000	212.90000	0.65000	0.65000
-537563.82000	206.40000	0.35000	0.35000
-536490.76000	205.00000	0.45000	0.45000
-535384.47000	199.40000	0.40000	0.40000
-534228.47000	199.80000	0.60000	0.60000
-533745.05000	190.50000	0.85000	0.85000
-533093.56000	193.80000	0.40000	0.40000
-532718.18000	195.10000	0.35000	0.35000
-531982.24000	200.00000	0.40000	0.40000
-531604.37000	204.40000	0.30000	0.30000
-531037.57000	211.40000	1.10000	1.10000
-530642.53000	214.50000	0.25000	0.25000
-530128.76000	220.70000	0.45000	0.45000
-529251.38000	220.30000	0.25000	0.25000
-528340.51000	221.20000	0.60000	0.60000
-527453.43000	222.70000	0.50000	0.50000
-526566.69000	224.70000	0.95000	0.95000
-525748.69000	227.80000	0.30000	0.30000
-524945.81000	230.30000	0.40000	0.40000
-524157.00000	233.70000	0.35000	0.35000
-523387.00000	235.80000	0.60000	0.60000
-522620.87000	236.80000	0.40000	0.40000
-521851.82000	241.90000	0.70000	0.70000
-519624.47000	243.50000	0.35000	0.35000
-518871.81000	245.50000	0.40000	0.40000
-518123.36000	247.70000	0.70000	0.70000
-517379.13000	245.30000	0.65000	0.65000
-516650.46000	245.50000	0.55000	0.55000
-515926.01000	246.20000	1.30000	1.30000
-515204.98000	247.20000	1.10000	1.10000
-514470.98000	243.00000	0.25000	0.25000
-513700.78000	241.50000	0.65000	0.65000
-512897.78000	239.20000	0.60000	0.60000
-512083.12000	238.20000	0.50000	0.50000
-511254.74000	242.00000	0.40000	0.40000
-510413.78000	235.20000	0.25000	0.25000
-509562.45000	236.40000	0.70000	0.70000
-508702.33000	233.40000	0.50000	0.50000
-507834.98000	240.30000	0.35000	0.35000
-506990.98000	237.00000	0.40000	0.40000
-506167.72000	238.20000	0.45000	0.45000
-505362.40000	236.00000	1.05000	1.05000
-504533.73000	235.50000	0.90000	0.90000
-503734.24000	233.90000	0.55000	0.55000
-502961.78000	234.10000	0.40000	0.40000
-502227.19000	232.20000	0.70000	0.70000
-501468.93000	232.00000	0.80000	0.80000
-500687.64000	231.20000	0.40000	0.40000
-499911.42000	230.80000	0.70000	0.70000
-499133.96000	228.20000	0.85000	0.85000
-498354.78000	230.80000	0.50000	0.50000
-497576.78000	230.60000	0.25000	0.25000
-496787.42000	232.80000	0.40000	0.40000
-496015.98000	236.50000	0.85000	0.85000
-495237.63000	236.40000	1.05000	1.05000
-494494.07000	237.60000	0.80000	0.80000
-493775.69000	238.50000	0.70000	0.70000
-493074.13000	238.30000	1.00000	1.00000
-492350.39000	239.10000	0.60000	0.60000
-491643.11000	239.70000	0.95000	0.95000
-490913.78000	243.70000	0.70000	0.70000
-490204.55000	246.70000	0.80000	0.80000
-489501.08000	243.30000	0.65000	0.65000
-488783.95000	242.60000	0.30000	0.30000
-488544.91000	249.30000	1.35000	1.35000
-488076.29000	252.80000	1.25000	1.25000
-487769.79000	240.90000	0.20000	0.20000
-487352.09000	242.00000	0.10000	0.10000
-486615.45000	237.10000	0.90000	0.90000
-485898.07000	231.30000	0.60000	0.60000
-485179.25000	232.90000	0.60000	0.60000
-484448.67000	233.00000	0.70000	0.70000
-483717.52000	231.20000	0.60000	0.60000
-482986.18000	231.40000	0.65000	0.65000
-482229.79000	231.40000	0.55000	0.55000
-481445.38000	227.30000	0.65000	0.65000
-480630.96000	223.40000	0.85000	0.85000
-479712.96000	223.80000	0.70000	0.70000
-478776.68000	218.80000	1.15000	1.15000
-478378.30000	220.80000	0.35000	0.35000
-477825.69000	231.30000	0.50000	0.50000
-477452.95000	236.50000	0.60000	0.60000
-476942.46000	239.10000	0.45000	0.45000
-475991.00000	236.60000	0.50000	0.50000
-474999.80000	232.80000	0.55000	0.55000
-473975.20000	233.10000	0.30000	0.30000
-473024.11000	241.20000	0.85000	0.85000
-472142.36000	245.60000	0.45000	0.45000
-471850.85000	243.90000	0.55000	0.55000
-471267.82000	243.70000	0.90000	0.90000
-470913.27000	232.70000	0.35000	0.35000
-470313.07000	229.20000	0.70000	0.70000
-469874.53000	218.70000	0.45000	0.45000
-469250.79000	215.50000	1.15000	1.15000
-468775.98000	206.50000	0.45000	0.45000
-468090.13000	205.50000	0.45000	0.45000
-466927.71000	203.40000	0.60000	0.60000
-465756.64000	204.40000	0.95000	0.95000
-464682.30000	208.10000	1.10000	1.10000
-463651.73000	210.00000	0.35000	0.35000
-463315.36000	205.20000	0.45000	0.45000
-462649.47000	199.90000	1.30000	1.30000
-461576.65000	194.40000	0.35000	0.35000
-460464.10000	190.70000	0.95000	0.95000
-459336.06000	195.50000	0.40000	0.40000
-458302.21000	202.40000	0.65000	0.65000
-457261.55000	208.30000	0.70000	0.70000
-456844.01000	203.30000	0.50000	0.50000
-456258.29000	204.30000	0.50000	0.50000
-455795.13000	199.10000	0.30000	0.30000
-455164.44000	192.50000	0.50000	0.50000
-454051.61000	193.30000	0.80000	0.80000
-452914.31000	198.40000	0.65000	0.65000
-451825.64000	201.90000	0.90000	0.90000
-450785.84000	204.90000	0.70000	0.70000
-449797.28000	201.20000	1.05000	1.05000
-448692.89000	201.70000	0.85000	0.85000
-447621.04000	208.10000	0.90000	0.90000
-446509.18000	203.50000	0.30000	0.30000
-445269.18000	201.10000	0.45000	0.45000
-443381.73000	199.10000	0.55000	0.55000
-441894.65000	202.00000	0.75000	0.75000
-440280.78000	201.30000	0.55000	0.55000
-438709.58000	201.70000	0.80000	0.80000
-437113.42000	200.30000	0.80000	0.80000
-435535.42000	207.50000	0.65000	0.65000
-433989.69000	209.80000	0.80000	0.80000
-432429.07000	207.60000	0.65000	0.65000
-431900.30000	211.50000	0.85000	0.85000
-430229.31000	227.20000	1.10000	1.10000
-429073.76000	219.70000	0.85000	0.85000
-427228.36000	242.50000	0.75000	0.75000
-426890.20000	248.20000	0.45000	0.45000
-425991.40000	252.10000	0.35000	0.35000
-425204.96000	255.30000	0.65000	0.65000
-424671.56000	265.40000	1.00000	1.00000
-424287.27000	270.00000	1.25000	1.25000
-423790.91000	270.80000	0.55000	0.55000
-423182.26000	268.30000	0.95000	0.95000
-422557.75000	267.70000	1.45000	1.45000
-421275.50000	270.60000	0.55000	0.55000
-420582.65000	266.40000	0.90000	0.90000
-419962.15000	268.60000	0.70000	0.70000
-418751.76000	273.80000	0.80000	0.80000
-418183.76000	271.20000	0.75000	0.75000
-417625.78000	273.70000	0.40000	0.40000
-416555.30000	274.60000	0.90000	0.90000
-416006.78000	271.80000	0.85000	0.85000
-415490.44000	273.40000	0.75000	0.75000
-414475.32000	271.70000	0.60000	0.60000
-413995.61000	276.40000	0.80000	0.80000
-413229.59000	271.60000	1.50000	1.50000
-412260.86000	264.90000	1.50000	1.50000
-411308.65000	274.90000	1.50000	1.50000
-409397.97000	283.50000	1.50000	1.50000
-408503.80000	282.60000	1.50000	1.50000
-407648.24000	274.70000	1.50000	1.50000
-406868.72000	284.50000	1.50000	1.50000
-405332.50000	285.60000	1.50000	1.50000
-404592.80000	279.60000	1.50000	1.50000
-403112.63000	280.50000	1.50000	1.50000
-402363.30000	276.50000	1.50000	1.50000
-400909.84000	275.70000	1.50000	1.50000
-400190.92000	283.10000	1.50000	1.50000
-398760.08000	283.20000	1.50000	1.50000
-397976.16000	277.10000	1.50000	1.50000
-396325.13000	276.30000	1.50000	1.50000
-392956.10000	260.70000	1.50000	1.50000
-392053.69000	273.60000	1.50000	1.50000
-391027.15000	259.50000	1.50000	1.50000
-390337.25000	258.10000	1.50000	1.50000
-387460.21000	245.80000	1.50000	1.50000
-385874.82000	246.80000	1.50000	1.50000
-384333.71000	239.10000	1.50000	1.50000
-382607.45000	240.00000	1.50000	1.50000
-380981.49000	227.00000	1.50000	1.50000
-376810.24000	229.60000	1.50000	1.50000
-375084.88000	224.60000	1.50000	1.50000
-373254.60000	214.70000	1.50000	1.50000
-371507.62000	199.90000	1.50000	1.50000
-369435.87000	201.90000	1.50000	1.50000
-366115.90000	206.30000	1.50000	1.50000
-363240.23000	201.20000	1.50000	1.50000
-360617.60000	185.80000	1.50000	1.50000
-358733.84000	186.10000	1.50000	1.50000
-357060.38000	193.00000	1.50000	1.50000
-353867.77000	209.20000	1.50000	1.50000
-352462.98000	209.40000	1.50000	1.50000
-351224.60000	216.20000	1.50000	1.50000
-349726.35000	221.10000	1.50000	1.50000
-347189.09000	220.30000	1.50000	1.50000
-345594.81000	211.90000	1.50000	1.50000
-344370.91000	204.80000	1.50000	1.50000
-343050.85000	205.20000	1.50000	1.50000
-341973.59000	200.70000	1.50000	1.50000
-340841.56000	250.10000	1.50000	1.50000
-338785.08000	234.20000	1.50000	1.50000
-338033.89000	239.60000	1.50000	1.50000
-337041.44000	241.90000	1.50000	1.50000
-336263.50000	255.70000	1.50000	1.50000
-335566.67000	270.50000	1.50000	1.50000
-334917.82000	278.60000	1.50000	1.50000
-334427.54000	285.80000	1.50000	1.50000
-333757.51000	278.10000	1.50000	1.50000
-333152.31000	298.60000	1.50000	1.50000
-332593.89000	288.40000	1.50000	1.50000
-332399.50000	289.10000	1.50000	1.50000
-332047.56000	282.40000	1.50000	1.50000
-331550.09000	273.10000	1.50000	1.50000
-330848.62000	272.60000	1.50000	1.50000
-330194.12000	271.70000	1.50000	1.50000
-329343.55000	265.00000	1.50000	1.50000
-328103.33000	275.10000	1.50000	1.50000
-327464.29000	271.90000	1.50000	1.50000
-326820.75000	270.10000	1.50000	1.50000
-326136.81000	266.10000	1.50000	1.50000
-325485.84000	264.00000	1.50000	1.50000
-324641.09000	266.20000	1.50000	1.50000
-323873.00000	260.50000	1.50000	1.50000
-323057.41000	260.30000	1.50000	1.50000
-322216.92000	260.40000	1.50000	1.50000
-321433.35000	257.20000	1.50000	1.50000
-319867.45000	249.20000	1.50000	1.50000
-318966.34000	255.80000	1.50000	1.50000
-317879.66000	233.40000	1.50000	1.50000
-316902.60000	245.20000	1.50000	1.50000
-315982.55000	251.60000	1.50000	1.50000
-315199.87000	272.60000	1.50000	1.50000
-314500.72000	246.80000	1.50000	1.50000
-313707.52000	257.10000	1.50000	1.50000
-312886.21000	256.70000	1.50000	1.50000
-312101.85000	251.60000	1.50000	1.50000
-311393.13000	241.90000	1.50000	1.50000
-310643.43000	239.00000	1.50000	1.50000
-309720.03000	237.80000	1.50000	1.50000
-308826.10000	233.20000	1.50000	1.50000
-308060.98000	226.20000	1.50000	1.50000
-307473.73000	227.80000	1.50000	1.50000
-306375.70000	225.80000	1.50000	1.50000
-305513.27000	244.80000	1.50000	1.50000
-304631.12000	248.60000	1.50000	1.50000
-303828.15000	250.20000	1.50000	1.50000
-303149.81000	240.70000	1.50000	1.50000
-302150.92000	240.20000	1.50000	1.50000
-301166.00000	236.00000	1.50000	1.50000
-300134.19000	239.00000	1.50000	1.50000
-299075.62000	236.10000	1.50000	1.50000
-298165.87000	231.00000	1.50000	1.50000
-297426.28000	224.40000	1.50000	1.50000
-296754.62000	217.10000	1.50000	1.50000
-294878.87000	213.10000	1.50000	1.50000
-293414.23000	212.70000	1.50000	1.50000
-292505.29000	206.70000	1.50000	1.50000
-291700.74000	206.00000	1.50000	1.50000
-290868.31000	207.60000	1.50000	1.50000
-289612.87000	217.10000	1.50000	1.50000
-288913.79000	220.40000	1.50000	1.50000
-288234.50000	234.90000	1.50000	1.50000
-286336.43000	231.00000	1.50000	1.50000
-285870.05000	230.40000	1.50000	1.50000
-285493.86000	231.40000	1.50000	1.50000
-284659.96000	226.40000	1.50000	1.50000
-283981.32000	228.00000	1.50000	1.50000
-282484.68000	231.30000	1.50000	1.50000
-280642.89000	223.70000	1.50000	1.50000
-279450.74000	215.30000	1.50000	1.50000
-278608.95000	211.00000	1.50000	1.50000
-277669.05000	204.50000	1.50000	1.50000
-276640.91000	202.20000	1.50000	1.50000
-275493.00000	193.20000	1.50000	1.50000
-274307.72000	198.40000	1.50000	1.50000
-273204.64000	194.10000	1.50000	1.50000
-272214.08000	193.90000	1.50000	1.50000
-271215.83000	190.40000	1.50000	1.50000
-270199.64000	184.70000	1.50000	1.50000
-269086.04000	198.80000	1.50000	1.50000
-267990.47000	194.20000	1.50000	1.50000
-267045.50000	187.20000	1.50000	1.50000
-266307.83000	188.70000	1.50000	1.50000
-265057.00000	211.70000	1.50000	1.50000
-264184.45000	199.90000	1.50000	1.50000
-262633.76000	228.10000	1.50000	1.50000
-260867.10000	214.60000	1.50000	1.50000
-260104.58000	208.90000	1.50000	1.50000
-259343.92000	205.70000	1.50000	1.50000
-258944.24000	209.60000	1.50000	1.50000
-257446.90000	203.90000	1.50000	1.50000
-255958.07000	204.00000	1.50000	1.50000
-255110.59000	201.90000	1.50000	1.50000
-254348.66000	199.00000	1.50000	1.50000
-252637.11000	195.40000	1.50000	1.50000
-251806.68000	196.70000	1.50000	1.50000
-251003.72000	195.40000	1.50000	1.50000
-250182.26000	213.90000	1.50000	1.50000
-249440.57000	200.20000	1.50000	1.50000
-247149.87000	214.70000	1.50000	1.50000
-244920.49000	219.40000	1.50000	1.50000
-244238.81000	230.40000	1.50000	1.50000
-243614.00000	236.70000	1.50000	1.50000
-243107.01000	249.90000	1.50000	1.50000
-242632.34000	252.30000	1.50000	1.50000
-242171.77000	263.70000	1.50000	1.50000
-241188.52000	280.20000	1.50000	1.50000
-240735.46000	279.00000	1.50000	1.50000
-239905.40000	263.20000	1.50000	1.50000
-239383.05000	259.70000	1.50000	1.50000
-238240.37000	252.80000	1.50000	1.50000
-237788.66000	247.40000	1.50000	1.50000
-237437.04000	245.80000	1.50000	1.50000
-237058.26000	245.60000	1.50000	1.50000
-236475.34000	239.10000	1.50000	1.50000
-235955.53000	243.10000	1.50000	1.50000
-235441.66000	247.40000	1.50000	1.50000
-234900.80000	241.40000	1.50000	1.50000
-234476.01000	252.10000	1.50000	1.50000
-234040.86000	245.20000	1.50000	1.50000
-230906.06000	241.60000	1.50000	1.50000
-230241.77000	233.90000	1.50000	1.50000
-229179.66000	232.40000	1.50000	1.50000
-227622.05000	224.50000	1.50000	1.50000
-226816.99000	233.10000	1.50000	1.50000
-226489.42000	234.50000	1.50000	1.50000
-225769.98000	235.50000	1.50000	1.50000
-224899.84000	215.70000	1.50000	1.50000
-224309.83000	203.30000	1.50000	1.50000
-222321.51000	205.60000	1.50000	1.50000
-221179.04000	208.80000	1.50000	1.50000
-220589.58000	207.10000	1.50000	1.50000
-219747.46000	216.10000	1.50000	1.50000
-218985.62000	214.10000	1.50000	1.50000
-217117.61000	240.50000	1.50000	1.50000
-216250.79000	245.30000	1.50000	1.50000
-215744.96000	251.10000	1.50000	1.50000
-215465.64000	251.70000	1.50000	1.50000
-214914.97000	247.50000	1.50000	1.50000
-214356.15000	242.60000	1.50000	1.50000
-213962.34000	240.30000	1.50000	1.50000
-213130.75000	241.40000	1.50000	1.50000
-212208.81000	251.20000	1.50000	1.50000
-211380.35000	243.40000	1.50000	1.50000
-210583.08000	257.40000	1.50000	1.50000
-210128.75000	239.50000	1.50000	1.50000
-209627.84000	246.90000	1.50000	1.50000
-209108.47000	252.00000	1.50000	1.50000
-208882.07000	247.20000	1.50000	1.50000
-208225.17000	243.90000	1.50000	1.50000
-208016.09000	244.60000	1.50000	1.50000
-207495.04000	242.20000	1.50000	1.50000
-207132.26000	240.50000	1.50000	1.50000
-206871.57000	230.00000	1.50000	1.50000
-206324.53000	237.20000	1.50000	1.50000
-206158.78000	238.10000	1.50000	1.50000
-205672.89000	231.40000	1.50000	1.50000
-205290.30000	229.40000	1.50000	1.50000
-204946.85000	226.30000	1.50000	1.50000
-204409.94000	228.60000	1.50000	1.50000
-203994.58000	232.20000	1.50000	1.50000
-203625.76000	231.90000	1.50000	1.50000
-203253.28000	244.40000	1.50000	1.50000
-201892.00000	247.60000	1.50000	1.50000
-200794.50000	239.10000	1.50000	1.50000
-199802.00000	250.90000	1.50000	1.50000
-196988.00000	242.60000	1.50000	1.50000
-196377.45000	241.20000	1.50000	1.50000
-195637.35000	226.40000	1.50000	1.50000
-193849.50000	220.00000	1.50000	1.50000
-193176.50000	226.50000	1.50000	1.50000
-191124.50000	218.00000	1.50000	1.50000
-190014.08000	220.30000	1.50000	1.50000
-189304.50000	231.40000	1.50000	1.50000
-187856.50000	231.30000	1.50000	1.50000
-186487.00000	210.70000	1.50000	1.50000
-184461.00000	203.40000	1.50000	1.50000
-182421.00000	199.70000	1.50000	1.50000
-181308.00000	198.10000	1.50000	1.50000
-180246.00000	217.70000	1.50000	1.50000
-179352.00000	213.20000	1.50000	1.50000
-177923.00000	207.70000	1.50000	1.50000
-175779.50000	190.10000	1.50000	1.50000
-175583.93000	189.40000	1.50000	1.50000
-174903.00000	190.30000	1.50000	1.50000
-173883.35000	196.00000	1.50000	1.50000
-172492.00000	197.70000	1.50000	1.50000
-169989.00000	197.80000	1.50000	1.50000
-167564.40000	196.60000	1.50000	1.50000
-166795.50000	183.80000	1.50000	1.50000
-165964.10000	186.70000	1.50000	1.50000
-164834.00000	190.10000	1.50000	1.50000
-164193.00000	191.60000	1.50000	1.50000
-162384.65000	196.50000	1.50000	1.50000
-161908.00000	204.30000	1.50000	1.50000
-158205.00000	187.50000	1.50000	1.50000
-157766.00000	185.50000	1.50000	1.50000
-156716.00000	189.00000	1.50000	1.50000
-154356.82000	189.38000	1.32500	1.32500
-152939.13000	196.30000	1.32500	1.32500
-151824.66000	198.78000	0.86500	0.86500
-149494.85000	202.35000	0.93000	0.93000
-148644.88000	202.51000	1.32500	1.32500
-147516.15000	201.78000	1.32500	1.32500
-146283.47000	195.81000	2.02500	2.02500
-144158.24000	193.59000	0.32000	0.32000
-142849.59000	196.02000	1.32500	1.32500
-141701.30000	194.59000	1.32500	1.32500
-140410.56000	196.51000	0.47500	0.47500
-137999.97000	192.75000	0.09500	0.09500
-136884.30000	198.55000	0.54000	0.54000
-135813.42000	199.18000	1.32500	1.32500
-134615.55000	203.74000	0.39500	0.39500
-132572.28000	212.43000	1.32500	1.32500
-131825.81000	222.74000	1.32500	1.32500
-130981.96000	224.63000	1.32500	1.32500
-130759.88000	228.00000	1.32500	1.32500
-130026.24000	232.28000	1.32500	1.32500
-129372.20000	241.13000	0.94500	0.94500
-128868.36000	250.84000	1.32500	1.32500
-128423.03000	251.84000	1.32500	1.32500
-127705.64000	260.61000	1.72500	1.72500
-127128.04000	268.44000	0.96000	0.96000
-126928.00000	271.08000	1.32500	1.32500
-126516.73000	285.76000	1.32500	1.32500
-126222.67000	280.72000	1.32500	1.32500
-126074.48000	276.03000	0.14000	0.14000
-125553.55000	276.88000	1.91500	1.91500
-125363.83000	275.78000	1.32500	1.32500
-125012.03000	274.93000	1.32500	1.32500
-124749.91000	273.02000	1.32500	1.32500
-124063.70000	275.15000	1.32500	1.32500
-123342.63000	276.81000	1.39000	1.39000
-122867.45000	275.52000	1.32500	1.32500
-122454.52000	281.54000	1.32500	1.32500
-122009.48000	275.87000	1.32500	1.32500
-121680.91000	274.60000	3.28000	3.28000
-121063.95000	279.16000	1.32500	1.32500
-120342.36000	279.00000	1.32500	1.32500
-120150.00000	278.25000	1.70000	1.70000
-119891.97000	276.61000	1.32500	1.32500
-119476.02000	279.48000	1.13000	1.13000
-118592.91000	276.82000	1.32500	1.32500
-118194.12000	268.73000	1.32500	1.32500
-117765.50000	274.59000	0.65000	0.65000
-117292.52000	267.74000	1.32500	1.32500
-116708.27000	277.72000	1.32500	1.32500
-115669.36000	274.98000	2.01500	2.01500
-115235.55000	274.03000	1.32500	1.32500
-114525.58000	273.63000	1.32500	1.32500
-113958.58000	273.16000	1.32500	1.32500
-113496.67000	276.96000	0.81500	0.81500
-112865.39000	275.07000	1.32500	1.32500
-112300.00000	267.90000	1.32500	1.32500
-111728.64000	260.58000	1.32500	1.32500
-111169.27000	264.75000	1.82000	1.82000
-110991.73000	263.12000	1.32500	1.32500
-110686.06000	256.79000	1.32500	1.32500
-109926.80000	257.93000	1.47000	1.47000
-108605.36000	246.69000	1.32500	1.32500
-107889.97000	244.13000	1.32500	1.32500
-107179.42000	244.44000	0.79000	0.79000
-106451.91000	236.43000	1.32500	1.32500
-105024.82000	240.34000	1.32500	1.32500
-104418.25000	244.83000	1.52500	1.52500
-104306.38000	241.40000	1.32500	1.32500
-104039.87000	257.58000	2.10000	2.10000
-103557.15000	248.78000	4.98000	4.98000
-103016.45000	242.36000	1.32500	1.32500
-102381.23000	238.88000	0.77500	0.77500
-102324.33000	247.76000	0.41500	0.41500
-101358.74000	240.68000	0.47000	0.47000
-100814.78000	237.07000	0.87500	0.87500
-100021.89000	240.07000	0.47000	0.47000
-99375.68000	244.76000	0.56500	0.56500
-98593.18000	247.87000	0.55000	0.55000
-98126.85000	245.63000	0.53500	0.53500
-97411.42000	242.99000	0.50500	0.50500
-96633.72000	243.18000	0.11500	0.11500
-95977.46000	239.86000	0.22500	0.22500
-95320.89000	242.35000	1.02000	1.02000
-94524.88000	245.76000	0.30000	0.30000
-93971.48000	246.20000	0.77000	0.77000
-93284.11000	242.91000	0.53500	0.53500
-92618.55000	242.41000	0.26500	0.26500
-91873.21000	238.21000	0.38500	0.38500
-91474.71000	235.16000	0.41500	0.41500
-90717.82000	232.46000	1.11000	1.11000
-89999.74000	233.74000	0.55500	0.55500
-89495.03000	231.12000	0.28500	0.28500
-88884.02000	231.56000	0.28500	0.28500
-88367.29000	229.74000	0.64500	0.64500
-87746.26000	228.88000	0.29000	0.29000
-87294.72000	227.38000	0.55000	0.55000
-86751.05000	223.99000	0.25000	0.25000
-86186.18000	217.80000	0.78500	0.78500
-85631.18000	223.63000	0.46500	0.46500
-85077.64000	221.06000	1.16000	1.16000
-84548.32000	223.38000	0.36000	0.36000
-83940.69000	228.76000	0.78500	0.78500
-83417.47000	234.69000	0.30000	0.30000
-82986.77000	238.42000	0.55000	0.55000
-82407.44000	243.16000	0.38000	0.38000
-81990.90000	250.79000	0.40000	0.40000
-81604.11000	247.10000	0.50000	0.50000
-81038.26000	246.32000	0.35000	0.35000
-80576.72000	240.87000	0.82000	0.82000
-80118.79000	238.89000	0.47000	0.47000
-79761.43000	234.13000	0.58500	0.58500
-79256.94000	230.33000	0.40000	0.40000
-78771.79000	233.92000	0.73000	0.73000
-78380.36000	230.60000	0.31000	0.31000
-77927.76000	234.74000	0.36000	0.36000
-77460.36000	229.26000	0.67000	0.67000
-77019.54000	227.30000	0.28000	0.28000
-76557.95000	224.14000	0.32500	0.32500
-76130.75000	226.65000	0.42000	0.42000
-75665.92000	224.92000	0.65000	0.65000
-75106.48000	231.68000	0.77000	0.77000
-74746.74000	238.01000	0.99000	0.99000
-74297.47000	239.34000	0.56000	0.56000
-73900.65000	249.94000	0.31500	0.31500
-73595.13000	249.52000	0.37000	0.37000
-73117.95000	243.27000	0.81000	0.81000
-72575.65000	241.24000	0.49000	0.49000
-72271.48000	231.33000	0.35000	0.35000
-71800.96000	232.74000	0.47000	0.47000
-71269.32000	230.89000	1.04500	1.04500
-70916.04000	232.33000	0.48500	0.48500
-70540.15000	232.79000	0.47000	0.47000
-70142.81000	239.46000	0.44000	0.44000
-69743.65000	237.56000	0.37500	0.37500
-69329.17000	235.02000	0.62000	0.62000
-68978.87000	225.17000	0.69000	0.69000
-68477.26000	220.33000	0.27500	0.27500
-68102.16000	215.55000	0.89000	0.89000
-67642.02000	211.26000	0.56500	0.56500
-67131.53000	205.42000	0.44500	0.44500
-66669.99000	203.43000	0.28500	0.28500
-66196.19000	200.17000	0.81000	0.81000
-65779.68000	203.76000	0.53000	0.53000
-65364.59000	201.14000	1.00000	1.00000
-65009.71000	207.21000	0.84500	0.84500
-64489.31000	204.39000	1.43500	1.43500
-63987.23000	200.59000	0.73000	0.73000
-63814.51000	198.17000	0.37000	0.37000
-63596.45000	208.98000	1.67000	1.67000
-63096.72000	199.17000	0.33000	0.33000
-62917.42000	201.67000	0.59500	0.59500
-62707.29000	203.70000	0.25500	0.25500
-62163.78000	199.73000	0.65500	0.65500
-61946.88000	197.24000	0.39000	0.39000
-61605.79000	197.40000	0.61000	0.61000
-61010.90000	200.15000	0.32500	0.32500
-60824.57000	202.71000	1.17000	1.17000
-60602.01000	202.56000	0.47500	0.47500
-59950.72000	206.38000	0.60000	0.60000
-59604.11000	210.90000	0.35000	0.35000
-59284.84000	210.57000	0.50500	0.50500
-59110.88000	207.95000	0.63000	0.63000
-58867.62000	213.78000	0.69000	0.69000
-58566.63000	217.25000	0.30000	0.30000
-58423.06000	212.87000	0.35500	0.35500
-58159.88000	216.66000	0.42000	0.42000
-57783.47000	223.45000	0.35000	0.35000
-57430.41000	226.35000	0.68500	0.68500
-57155.07000	231.29000	0.07500	0.07500
-56483.32000	223.15000	0.61000	0.61000
-56267.01000	224.35000	0.40000	0.40000
-55893.72000	223.72000	0.24500	0.24500
-55526.27000	217.38000	1.24500	1.24500
-55260.94000	215.70000	0.31500	0.31500
-54553.58000	212.44000	0.33500	0.33500
-54287.13000	207.67000	0.40500	0.40500
-53959.54000	210.27000	0.61500	0.61500
-53603.13000	214.78000	0.27500	0.27500
-53343.46000	208.19000	0.36000	0.36000
-53064.49000	216.86000	0.30500	0.30500
-52744.61000	213.89000	0.57000	0.57000
-52437.13000	217.96000	0.92000	0.92000
-52206.60000	220.37000	0.42500	0.42500
-51856.25000	221.14000	0.74500	0.74500
-51450.45000	223.26000	0.44500	0.44500
-51158.25000	223.72000	0.84000	0.84000
-50850.74000	221.15000	0.54500	0.54500
-50623.68000	220.72000	0.18000	0.18000
-50434.78000	219.08000	0.14000	0.14000
-50136.82000	213.82000	0.36500	0.36500
-49829.53000	215.08000	0.88500	0.88500
-49481.45000	211.57000	0.19500	0.19500
-49079.17000	207.64000	0.45500	0.45500
-48577.41000	207.41000	0.23000	0.23000
-48270.55000	206.74000	0.24000	0.24000
-48056.51000	204.38000	0.82500	0.82500
-47778.32000	203.87000	0.63000	0.63000
-47512.66000	204.06000	0.61000	0.61000
-47352.98000	200.12000	0.20000	0.20000
-47037.95000	201.58000	0.44000	0.44000
-46477.86000	200.98000	0.28000	0.28000
-46273.18000	206.18000	1.02500	1.02500
-45993.75000	205.66000	0.48500	0.48500
-45760.39000	203.79000	0.19500	0.19500
-45574.36000	204.26000	0.49000	0.49000
-45364.98000	207.60000	0.60000	0.60000
-45136.28000	210.27000	0.26500	0.26500
-44937.94000	210.84000	0.75000	0.75000
-44796.44000	214.18000	0.49500	0.49500
-44685.90000	216.42000	0.72000	0.72000
-44358.55000	218.35000	0.72500	0.72500
-44231.26000	219.25000	0.59500	0.59500
-44107.33000	221.77000	0.87000	0.87000
-43927.11000	222.72000	0.16500	0.16500
-43746.06000	217.51000	1.08000	1.08000
-43510.32000	214.50000	0.40500	0.40500
-43330.39000	213.92000	0.41000	0.41000
-43192.02000	207.95000	0.35500	0.35500
-43046.16000	211.49000	0.17500	0.17500
-42866.01000	210.44000	0.28000	0.28000
-42705.54000	212.29000	0.42500	0.42500
-42540.50000	204.83000	0.66000	0.66000
-42400.47000	206.22000	0.93000	0.93000
-42254.45000	202.00000	0.26000	0.26000
-42145.20000	204.31000	0.46000	0.46000
-41859.01000	201.69000	0.56500	0.56500
-41711.16000	203.18000	0.52500	0.52500
-41565.82000	204.22000	0.43000	0.43000
-41400.66000	201.66000	0.90500	0.90500
-41221.89000	203.16000	0.71500	0.71500
-41018.08000	204.26000	0.38000	0.38000
-40899.87000	206.35000	0.53500	0.53500
-40678.30000	204.83000	0.09500	0.09500
-40365.82000	200.90000	0.62000	0.62000
-39950.69000	199.89000	0.68000	0.68000
-39809.21000	201.12000	0.50000	0.50000
-39655.97000	205.49000	0.49500	0.49500
-39353.59000	204.19000	0.77000	0.77000
-39217.90000	201.53000	0.94000	0.94000
-38957.39000	200.97000	0.96000	0.96000
-38804.30000	200.47000	0.37000	0.37000
-38603.44000	201.48000	0.54500	0.54500
-38535.95000	201.32000	0.68500	0.68500
-38358.40000	197.90000	0.69500	0.69500
-38195.30000	193.69000	0.21000	0.21000
-38162.10000	193.08000	0.22000	0.22000
-38092.70000	192.60000	1.10500	1.10500
-37950.50000	197.55000	0.33500	0.33500
-37935.00000	193.87000	0.10000	0.10000
-37807.10000	193.58000	0.58000	0.58000
-37759.20000	196.67000	0.53000	0.53000
-37671.00000	195.70000	1.04000	1.04000
-37565.40000	200.40000	0.68000	0.68000
-37504.40000	198.14000	0.51500	0.51500
-37452.90000	191.53000	0.45000	0.45000
-37429.40000	204.78000	0.53000	0.53000
-37389.80000	207.87000	0.39500	0.39500
-37369.90000	209.33000	0.24000	0.24000
-37353.20000	209.50000	0.23500	0.23500
-37315.70000	208.69000	0.85000	0.85000
-37170.50000	207.32000	0.10000	0.10000
-37103.60000	204.28000	0.34000	0.34000
-37026.80000	202.34000	0.71000	0.71000
-37005.60000	205.99000	0.65500	0.65500
-36924.70000	205.65000	0.01000	0.01000
-36862.60000	206.09000	0.13000	0.13000
-36773.40000	206.54000	0.15500	0.15500
-36720.80000	204.46000	0.37000	0.37000
-36671.80000	204.79000	0.23000	0.23000
-36623.60000	208.23000	0.99000	0.99000
-36583.20000	210.08000	0.20000	0.20000
-36522.90000	207.23000	0.02000	0.02000
-36462.80000	210.79000	0.32000	0.32000
-36409.20000	208.00000	0.33500	0.33500
-36334.20000	207.41000	0.08500	0.08500
-36242.40000	206.52000	0.22500	0.22500
-36215.60000	208.34000	0.29500	0.29500
-36138.50000	214.36000	0.74000	0.74000
-36050.30000	211.21000	0.34000	0.34000
-35945.00000	214.21000	0.54500	0.54500
-35827.20000	212.09000	0.81000	0.81000
-35697.50000	212.14000	0.36000	0.36000
-35668.60000	214.30000	0.20000	0.20000
-35511.30000	209.84000	0.26500	0.26500
-35481.00000	212.51000	0.73500	0.73500
-35388.10000	206.59000	0.06000	0.06000
-35352.00000	209.66000	0.29500	0.29500
-35346.50000	208.25000	0.47500	0.47500
-35193.20000	207.35000	0.08000	0.08000
-35168.60000	210.16000	0.44500	0.44500
-35073.40000	206.36000	0.56500	0.56500
-34989.80000	203.51000	0.11500	0.11500
-34870.20000	202.76000	0.58000	0.58000
-34762.80000	203.75000	0.00500	0.00500
-34719.60000	203.77000	0.08000	0.08000
-34641.80000	205.10000	0.57000	0.57000
-34556.30000	198.96000	0.47500	0.47500
-34311.80000	200.09000	0.31500	0.31500
-34223.10000	201.78000	0.11500	0.11500
-34136.50000	204.12000	0.66000	0.66000
-33998.30000	198.80000	0.18500	0.18500
-33904.60000	203.29000	0.53500	0.53500
-33751.60000	200.50000	0.31500	0.31500
-33722.50000	201.81000	0.12000	0.12000
-33618.00000	201.83000	0.49500	0.49500
-33580.70000	201.89000	0.32500	0.32500
-33558.50000	202.04000	0.45000	0.45000
-33547.10000	201.06000	0.50500	0.50500
-33495.80000	200.30000	0.40000	0.40000
-33433.00000	201.36000	0.13000	0.13000
-33409.40000	203.62000	0.43500	0.43500
-33387.00000	204.47000	0.61000	0.61000
-33331.70000	205.38000	0.05000	0.05000
-33215.80000	203.60000	0.18000	0.18000
-33139.60000	198.78000	0.28500	0.28500
-32916.80000	203.09000	0.24000	0.24000
-32875.60000	202.80000	0.01500	0.01500
-32760.60000	197.16000	0.60000	0.60000
-32697.80000	198.89000	0.49000	0.49000
-32670.00000	200.29000	0.21500	0.21500
-32652.60000	199.49000	0.32000	0.32000
-32606.90000	199.65000	0.37000	0.37000
-32384.40000	196.20000	0.16000	0.16000
-32362.80000	196.27000	0.12000	0.12000
-32300.80000	195.79000	0.38000	0.38000
-32240.30000	194.89000	0.31000	0.31000
-32114.20000	195.93000	0.51000	0.51000
-32041.50000	195.41000	0.16500	0.16500
-32007.00000	196.47000	0.22500	0.22500
-31975.90000	194.47000	0.01500	0.01500
-31957.50000	194.46000	0.33000	0.33000
-31935.70000	195.27000	0.22500	0.22500
-31891.00000	195.63000	0.37000	0.37000
-31808.10000	200.03000	0.34500	0.34500
-31605.30000	197.80000	0.13500	0.13500
-31541.40000	197.13000	0.20500	0.20500
-31467.50000	196.90000	0.27000	0.27000
-31198.30000	197.65000	0.11000	0.11000
-31059.00000	196.33000	0.23000	0.23000
-30930.90000	196.70000	0.40000	0.40000
-30863.10000	199.30000	1.27500	1.27500
-30764.10000	195.94000	0.13000	0.13000
-30727.80000	195.08000	0.14500	0.14500
-30644.60000	194.43000	0.20500	0.20500
-30561.10000	194.61000	0.18500	0.18500
-30484.80000	194.11000	0.26500	0.26500
-30411.20000	195.25000	0.14000	0.14000
-30357.90000	192.47000	0.97000	0.97000
-30200.60000	196.91000	0.65500	0.65500
-30197.50000	196.42000	0.24500	0.24500
-30129.60000	193.91000	0.56000	0.56000
-30076.90000	193.33000	0.21500	0.21500
-29983.90000	192.51000	0.05500	0.05500
-29868.40000	192.93000	0.56500	0.56500
-29842.10000	193.71000	0.61500	0.61500
-29574.10000	189.95000	0.18000	0.18000
-29406.40000	188.48000	0.39000	0.39000
-29155.20000	188.00000	0.03000	0.03000
-28825.70000	190.33000	0.36500	0.36500
-28763.00000	187.14000	0.10000	0.10000
-28578.80000	182.94000	0.21500	0.21500
-28450.50000	184.30000	0.15000	0.15000
-28362.70000	185.99000	0.30000	0.30000
-28327.90000	186.52000	0.04000	0.04000
-28231.70000	188.48000	0.31000	0.31000
-28151.50000	188.25000	0.29500	0.29500
-28049.00000	191.57000	0.11000	0.11000
-28002.10000	191.38000	0.61500	0.61500
-27887.80000	190.97000	0.08000	0.08000
-27792.80000	191.28000	0.13500	0.13500
-27731.20000	189.77000	0.12500	0.12500
-27659.20000	189.24000	0.02000	0.02000
-27460.20000	189.21000	0.33000	0.33000
-27416.10000	189.83000	0.15000	0.15000
-27373.90000	191.01000	0.44500	0.44500
-27299.60000	192.39000	0.48500	0.48500
-27255.30000	188.10000	0.01500	0.01500
-27200.70000	192.26000	0.08500	0.08500
-27058.90000	192.87000	0.24500	0.24500
-26998.60000	193.26000	0.36500	0.36500
-26952.70000	192.69000	0.27000	0.27000
-26891.90000	193.89000	0.17000	0.17000
-26774.30000	193.80000	0.10000	0.10000
-26676.40000	192.82000	0.08000	0.08000
-26627.40000	193.10000	0.02500	0.02500
-26476.90000	189.65000	0.28000	0.28000
-26463.90000	189.16000	0.12000	0.12000
-26419.70000	192.63000	0.83500	0.83500
-26321.60000	191.59000	0.16000	0.16000
-26264.10000	191.82000	0.14000	0.14000
-26147.30000	189.96000	0.32000	0.32000
-26023.20000	189.29000	0.15500	0.15500
-25977.10000	188.99000	0.19500	0.19500
-25935.00000	189.28000	0.06000	0.06000
-25916.40000	190.58000	0.24500	0.24500
-25870.70000	187.59000	0.43500	0.43500
-25768.60000	189.30000	0.16000	0.16000
-25764.10000	190.61000	0.82000	0.82000
-25737.00000	192.71000	0.04000	0.04000
-25711.30000	191.46000	0.34500	0.34500
-25636.40000	191.95000	0.19000	0.19000
-25599.70000	191.53000	0.97000	0.97000
-25552.80000	191.23000	0.96000	0.96000
-25491.90000	191.95000	0.42000	0.42000
-25330.10000	190.06000	0.23500	0.23500
-25220.20000	194.93000	0.24000	0.24000
-25134.80000	186.27000	0.03000	0.03000
-25092.00000	187.39000	0.10500	0.10500
-25004.90000	188.08000	0.40000	0.40000
-24907.80000	186.43000	0.11000	0.11000
-24753.70000	185.44000	0.16500	0.16500
-24587.10000	185.51000	0.26500	0.26500
-24510.70000	186.01000	0.40500	0.40500
-24365.00000	183.77000	0.26500	0.26500
-24304.50000	184.57000	0.26000	0.26000
-24066.00000	184.52000	0.20500	0.20500
-23836.00000	186.54000	0.29000	0.29000
-23593.60000	183.38000	0.31000	0.31000
-23401.10000	182.66000	0.04000	0.04000
-23213.60000	180.69000	0.39000	0.39000
-22693.60000	180.57000	1.36000	1.36000
-22319.80000	186.73000	0.46000	0.46000
-22127.70000	184.68000	0.31000	0.31000
-21923.80000	183.13000	0.01500	0.01500
-21650.50000	187.99000	0.20500	0.20500
-21495.20000	186.78000	0.23000	0.23000
-21408.40000	193.53000	0.86000	0.86000
-21326.70000	197.67000	0.64500	0.64500
-21235.00000	188.60000	0.43500	0.43500
-21157.30000	190.08000	0.41000	0.41000
-21063.80000	190.53000	0.32000	0.32000
-21044.00000	189.40000	0.56500	0.56500
-20883.60000	186.13000	0.06500	0.06500
-20799.30000	190.01000	0.12500	0.12500
-20700.80000	188.49000	0.11500	0.11500
-20654.10000	185.21000	0.81500	0.81500
-20600.10000	184.68000	0.10000	0.10000
-20397.60000	187.02000	0.62500	0.62500
-20342.20000	187.22000	0.22500	0.22500
-20280.89000	191.27000	0.49500	0.49500
-20105.59000	187.38000	0.77500	0.77500
-19963.63000	190.78000	0.47500	0.47500
-19840.59000	187.96000	0.11000	0.11000
-19612.85000	185.23000	0.15500	0.15500
-19395.18000	187.24000	0.58000	0.58000
-19262.70000	190.05000	0.03500	0.03500
-19117.69000	188.40000	0.43500	0.43500
-19014.43000	190.87000	0.41000	0.41000
-18878.39000	192.66000	0.54500	0.54500
-18716.49000	187.76000	0.46500	0.46500
-18586.80000	193.93000	0.34500	0.34500
-18457.60000	189.99000	0.32500	0.32500
-18263.31000	190.47000	0.60500	0.60500
-18068.70000	193.72000	0.37500	0.37500
-17933.88000	196.06000	0.21000	0.21000
-17841.19000	193.60000	0.26500	0.26500
-17679.49000	191.42000	0.29500	0.29500
-17618.15000	188.95000	0.12500	0.12500
-17492.73000	191.52000	0.65000	0.65000
-17332.16000	191.58000	0.42000	0.42000
-17202.79000	191.09000	0.56000	0.56000
-17043.82000	192.71000	0.87500	0.87500
-16916.91000	188.50000	0.26500	0.26500
-16885.15000	188.44000	0.41000	0.41000
-16853.64000	192.97000	0.55000	0.55000
-16797.05000	191.27000	0.50500	0.50500
-16727.40000	193.90000	0.25000	0.25000
-16632.94000	188.57000	0.31000	0.31000
-16569.99000	187.67000	0.07000	0.07000
-16536.59000	187.09000	0.35000	0.35000
-16507.83000	187.45000	0.53500	0.53500
-16472.43000	188.47000	0.37500	0.37500
-16441.16000	188.21000	0.58000	0.58000
-16410.35000	188.73000	0.09000	0.09000
-16374.39000	187.12000	0.42000	0.42000
-16345.81000	189.03000	0.09500	0.09500
-16314.68000	188.52000	0.58000	0.58000
-16282.18000	188.88000	0.23500	0.23500
-16251.79000	185.65000	0.47500	0.47500
-16223.16000	189.01000	0.56500	0.56500
-16189.76000	184.88000	0.11500	0.11500
-16160.63000	188.59000	0.74000	0.74000
-16131.60000	188.64000	0.23500	0.23500
-16100.09000	187.73000	0.25000	0.25000
-16074.45000	187.79000	0.55000	0.55000
-16042.04000	188.96000	0.32000	0.32000
-16015.83000	188.66000	0.05000	0.05000
-15985.99000	188.54000	0.49000	0.49000
-15957.16000	191.72000	0.13000	0.13000
-15931.00000	190.26000	0.59500	0.59500
-15904.60000	189.52000	0.36000	0.36000
-15875.43000	191.21000	0.62000	0.62000
-15847.57000	187.25000	0.33000	0.33000
-15819.71000	191.70000	0.16500	0.16500
-15793.75000	190.41000	0.12000	0.12000
-15767.05000	189.52000	0.28000	0.28000
-15741.21000	191.52000	0.66500	0.66500
-15715.06000	194.38000	0.28000	0.28000
-15687.88000	193.21000	0.61500	0.61500
-15662.00000	195.79000	0.12000	0.12000
-15636.25000	196.96000	0.43000	0.43000
-15611.46000	192.62000	0.15000	0.15000
-15584.59000	192.37000	0.30500	0.30500
-15560.87000	191.59000	0.02500	0.02500
-15535.29000	191.48000	0.25000	0.25000
-15510.99000	193.00000	0.23000	0.23000
-15484.97000	190.76000	0.23500	0.23500
-15460.03000	191.89000	0.13500	0.13500
-15435.30000	193.02000	0.19500	0.19500
-15410.50000	190.50000	0.45500	0.45500
-15361.87000	194.65000	0.13500	0.13500
-15337.90000	195.88000	0.25000	0.25000
-15286.25000	198.29000	0.39000	0.39000
-15213.70000	198.63000	0.65000	0.65000
-15141.85000	202.10000	0.52500	0.52500
-15044.77000	204.32000	0.54500	0.54500
-14978.83000	202.93000	0.34000	0.34000
-14919.32000	205.19000	0.48000	0.48000
-14847.55000	205.53000	0.48000	0.48000
-14783.53000	210.25000	0.55000	0.55000
-14705.88000	213.15000	0.40500	0.40500
-14640.01000	208.46000	0.42000	0.42000
-14603.51000	208.65000	0.26000	0.26000
-14559.93000	207.95000	0.06000	0.06000
-14522.03000	213.94000	0.55500	0.55500
-14508.38000	217.19000	0.14000	0.14000
-14481.32000	211.79000	0.90500	0.90500
-14460.71000	212.95000	0.47000	0.47000
-14441.89000	209.51000	0.41000	0.41000
-14424.89000	211.21000	0.25000	0.25000
-14404.23000	214.83000	0.60000	0.60000
-14387.25000	212.43000	0.59500	0.59500
-14367.43000	214.60000	0.30000	0.30000
-14346.96000	212.84000	0.37500	0.37500
-14328.74000	214.22000	0.29500	0.29500
-14310.73000	218.56000	0.48500	0.48500
-14290.56000	220.49000	0.53000	0.53000
-14272.96000	223.24000	0.27500	0.27500
-14258.71000	227.32000	0.60500	0.60500
-14237.46000	221.49000	0.59000	0.59000
-14216.71000	226.19000	0.03500	0.03500
-14201.21000	224.86000	0.51000	0.51000
-14164.14000	222.41000	0.65500	0.65500
-14133.00000	224.24000	0.41000	0.41000
-14083.78000	224.48000	0.71500	0.71500
-14064.67000	222.39000	0.44500	0.44500
-14048.98000	224.41000	0.09000	0.09000
-14045.49000	223.72000	1.03000	1.03000
-13986.52000	223.77000	0.32000	0.32000
-13970.25000	223.51000	0.32500	0.32500
-13894.95000	222.36000	0.22000	0.22000
-13817.68000	224.86000	0.93500	0.93500
-13754.79000	222.16000	0.28500	0.28500
-13699.43000	222.76000	0.68500	0.68500
-13596.40000	223.53000	0.17500	0.17500
-13512.93000	223.27000	0.69000	0.69000
-13460.08000	224.74000	0.37500	0.37500
-13432.85000	225.39000	0.78500	0.78500
-13395.24000	228.92000	0.48000	0.48000
-13370.94000	227.64000	0.71000	0.71000
-13330.74000	225.77000	0.46000	0.46000
-13293.44000	228.27000	0.60500	0.60500
-13268.88000	230.18000	0.16500	0.16500
-13231.11000	227.84000	0.52000	0.52000
-13206.52000	228.81000	0.44500	0.44500
-13183.53000	229.67000	0.31500	0.31500
-13145.81000	234.47000	0.01000	0.01000
-13122.53000	228.99000	0.12000	0.12000
-13084.78000	225.38000	0.42000	0.42000
-13061.48000	228.37000	0.51000	0.51000
-13037.26000	227.65000	0.61000	0.61000
-13026.48000	229.79000	1.04500	1.04500
-13003.66000	228.89000	0.61500	0.61500
-12979.02000	228.47000	0.17000	0.17000
-12965.91000	228.36000	0.26500	0.26500
-12954.21000	228.72000	0.27000	0.27000
-12942.46000	230.63000	0.62000	0.62000
-12930.66000	227.85000	0.55500	0.55500
-12919.18000	232.22000	0.29500	0.29500
-12907.53000	233.17000	0.73500	0.73500
-12894.77000	227.87000	0.20500	0.20500
-12884.75000	228.40000	0.00500	0.00500
-12872.39000	226.51000	0.35000	0.35000
-12860.61000	227.58000	0.21500	0.21500
-12849.14000	228.50000	0.51000	0.51000
-12837.83000	227.79000	0.11500	0.11500
-12826.28000	227.39000	0.56000	0.56000
-12813.41000	224.64000	0.39000	0.39000
-12808.52000	227.90000	0.37500	0.37500
-12793.19000	231.48000	0.55000	0.55000
-12780.88000	234.54000	0.61500	0.61500
-12768.12000	230.53000	0.55000	0.55000
-12756.96000	228.18000	0.38500	0.38500
-12746.69000	228.91000	0.22000	0.22000
-12736.37000	237.49000	0.14500	0.14500
-12725.12000	234.34000	0.52000	0.52000
-12714.09000	233.42000	0.14500	0.14500
-12702.26000	234.62000	0.19500	0.19500
-12695.20000	238.12000	0.30000	0.30000
-12679.99000	240.10000	0.56000	0.56000
-12669.39000	237.97000	0.38000	0.38000
-12656.21000	237.59000	0.42500	0.42500
-12645.47000	235.31000	0.30500	0.30500
-12636.19000	237.97000	0.57000	0.57000
-12625.93000	239.77000	0.87000	0.87000
-12613.52000	239.86000	0.73000	0.73000
-12602.93000	241.73000	0.21000	0.21000
-12591.66000	235.83000	0.28000	0.28000
-12581.30000	243.17000	0.40500	0.40500
-12570.85000	241.14000	0.63500	0.63500
-12547.21000	242.06000	1.12500	1.12500
-12513.58000	238.61000	0.38500	0.38500
-12493.28000	240.95000	0.17500	0.17500
-12472.23000	242.60000	0.88000	0.88000
-12460.60000	242.55000	0.71000	0.71000
-12424.99000	240.33000	0.52500	0.52500
-12404.48000	238.39000	0.24500	0.24500
-12393.16000	242.08000	0.54500	0.54500
-12358.61000	235.80000	0.55000	0.55000
-12348.72000	239.04000	0.11000	0.11000
-12323.02000	240.21000	0.66500	0.66500
-12287.45000	236.60000	0.59500	0.59500
-12255.56000	238.36000	0.94500	0.94500
-12229.55000	239.36000	0.40500	0.40500
-12206.60000	239.24000	0.21000	0.21000
-12170.06000	236.40000	0.06500	0.06500
-12134.47000	232.88000	0.76000	0.76000
-12110.09000	241.27000	0.58500	0.58500
-12072.86000	237.87000	0.54500	0.54500
-12051.79000	235.92000	0.52000	0.52000
-11990.23000	240.57000	0.28500	0.28500
-11921.57000	237.95000	0.42500	0.42500
-11877.20000	239.08000	0.05000	0.05000
-11808.73000	241.11000	1.11000	1.11000
-11762.83000	241.59000	0.61500	0.61500
-11695.35000	238.55000	0.23000	0.23000
-11650.81000	243.86000	0.06000	0.06000
-11581.75000	235.83000	0.20000	0.20000
-11536.74000	240.25000	0.70500	0.70500
-11468.10000	237.83000	0.93500	0.93500
-11354.15000	236.86000	0.17000	0.17000
-11316.97000	240.42000	0.07500	0.07500
-11266.20000	239.41000	0.34500	0.34500
-11222.67000	236.91000	0.48000	0.48000
-11178.45000	234.82000	0.05500	0.05500
-11138.22000	241.56000	0.58000	0.58000
-11116.59000	237.91000	1.12000	1.12000
-11093.69000	238.86000	0.97000	0.97000
-11071.92000	234.68000	0.09500	0.09500
-11051.06000	239.42000	1.04500	1.04500
-11030.88000	237.15000	0.40500	0.40500
-11009.75000	240.71000	0.47500	0.47500
-10989.23000	238.18000	1.41000	1.41000
-10967.11000	238.79000	0.56000	0.56000
-10943.38000	239.44000	0.39500	0.39500
-10923.98000	241.24000	0.65000	0.65000
-10902.71000	239.35000	0.64500	0.64500
-10880.15000	242.15000	0.67000	0.67000
-10859.27000	242.23000	0.97500	0.97500
-10835.63000	241.50000	1.04500	1.04500
-10812.58000	240.02000	0.56000	0.56000
-10789.91000	247.30000	0.20500	0.20500
-10769.80000	241.59000	0.53500	0.53500
-10747.14000	244.24000	0.48000	0.48000
-10723.90000	242.53000	0.48000	0.48000
-10703.64000	243.95000	0.84000	0.84000
-10679.85000	246.94000	0.22500	0.22500
-10657.64000	248.09000	0.59000	0.59000
-10636.60000	247.02000	0.13500	0.13500
-10614.62000	244.27000	0.60500	0.60500
-10593.72000	249.92000	0.86000	0.86000
-10571.35000	246.74000	0.64500	0.64500
-10545.84000	244.42000	0.59000	0.59000
-10525.39000	246.18000	0.39500	0.39500
-10504.82000	245.83000	0.28000	0.28000
-10481.93000	247.67000	0.41000	0.41000
-10459.38000	246.40000	0.72500	0.72500
-10438.31000	243.00000	0.60500	0.60500
-10415.28000	244.31000	0.58000	0.58000
-10393.12000	246.97000	0.38000	0.38000
-10371.28000	250.73000	0.68500	0.68500
-10351.04000	248.92000	0.14500	0.14500
-10330.77000	249.38000	0.66500	0.66500
-10306.48000	248.95000	0.74000	0.74000
-10282.92000	249.23000	0.80000	0.80000
-10261.34000	249.65000	0.61500	0.61500
-10240.41000	250.97000	0.36500	0.36500
-10218.48000	251.42000	0.42500	0.42500
-10196.50000	251.14000	0.70500	0.70500
-10174.58000	253.02000	0.43500	0.43500
-10155.25000	255.66000	0.99500	0.99500
-10129.85000	251.03000	1.28500	1.28500
-10108.80000	253.10000	0.35000	0.35000
-10087.32000	248.41000	0.17500	0.17500
-10065.90000	247.85000	0.72500	0.72500
-10040.69000	255.39000	0.69500	0.69500
-10019.55000	253.99000	0.65000	0.65000
-9998.09000	248.92000	1.02000	1.02000
-9976.96000	258.57000	2.63000	2.63000
-9954.91000	255.90000	0.58000	0.58000
-9933.17000	251.56000	0.29000	0.29000
-9913.12000	253.63000	0.79500	0.79500
-9893.33000	254.31000	0.67000	0.67000
-9870.50000	257.17000	0.74000	0.74000
-9852.79000	258.53000	0.89000	0.89000
-9830.72000	258.25000	0.16500	0.16500
-9809.21000	258.74000	0.74000	0.74000
-9790.65000	255.89000	0.70000	0.70000
-9769.72000	256.04000	0.63000	0.63000
-9751.44000	253.99000	0.73000	0.73000
-9732.82000	254.62000	0.44000	0.44000
-9714.54000	247.55000	0.17000	0.17000
-9697.92000	257.13000	0.67000	0.67000
-9678.97000	266.22000	1.20500	1.20500
-9661.31000	261.30000	0.76000	0.76000
-9642.24000	260.70000	0.14500	0.14500
-9626.41000	267.09000	0.25000	0.25000
-9609.61000	262.74000	0.71000	0.71000
-9593.60000	266.90000	0.33000	0.33000
-9573.93000	269.51000	0.42500	0.42500
-9557.23000	267.66000	0.57500	0.57500
-9540.45000	267.17000	0.42500	0.42500
-9522.80000	269.10000	1.26000	1.26000
-9503.06000	268.87000	0.35000	0.35000
-9485.93000	270.14000	1.05500	1.05500
-9467.45000	264.48000	1.02000	1.02000
-9449.86000	268.16000	1.27500	1.27500
-9433.16000	264.84000	0.64500	0.64500
-9389.37000	264.81000	0.83500	0.83500
-9366.98000	264.10000	0.35000	0.35000
-9306.57000	264.40000	0.75000	0.75000
-9250.58000	265.30000	0.20000	0.20000
-9235.87000	265.00000	0.40000	0.40000
-9211.06000	264.80000	0.20000	0.20000
-9139.62000	264.80000	0.30000	0.30000
-9004.48000	267.60000	0.35000	0.35000
-8885.74000	265.10000	0.80000	0.80000
-8851.81000	266.00000	0.55000	0.55000
-8730.48000	266.90000	0.30000	0.30000
-8555.55000	267.50000	0.20000	0.20000
-8416.56000	264.90000	0.20000	0.20000
-8349.55000	265.70000	0.25000	0.25000
-8242.95000	263.40000	0.05000	0.05000
-8184.50000	264.00000	0.15000	0.15000
-8042.61000	264.20000	0.45000	0.45000
-7951.04000	264.40000	0.20000	0.20000
-7623.27000	263.80000	0.60000	0.60000
-7605.86000	263.00000	0.20000	0.20000
-7574.44000	260.90000	0.30000	0.30000
-7568.06000	260.60000	0.85000	0.85000
-7486.70000	265.20000	0.45000	0.45000
-7411.12000	263.80000	0.40000	0.40000
-7345.31000	263.70000	0.60000	0.60000
-7193.01000	262.00000	0.40000	0.40000
-7110.17000	259.30000	0.50000	0.50000
-7042.99000	260.40000	0.30000	0.30000
-6961.85000	260.90000	0.35000	0.35000
-6831.28000	259.00000	0.55000	0.55000
-6760.68000	261.80000	0.50000	0.50000
-6596.58000	260.70000	0.20000	0.20000
-6509.68000	261.30000	0.45000	0.45000
-6401.88000	258.30000	0.60000	0.60000
-6244.80000	259.30000	0.45000	0.45000
-6166.28000	259.60000	0.25000	0.25000
-6025.85000	260.80000	0.70000	0.70000
-5976.37000	259.20000	0.35000	0.35000
-5910.18000	259.70000	0.45000	0.45000
-5769.59000	260.40000	0.20000	0.20000
-5711.37000	260.10000	0.30000	0.30000
-5547.87000	258.40000	0.40000	0.40000
-5455.32000	260.70000	0.30000	0.30000
-5324.01000	263.00000	0.35000	0.35000
-5238.07000	262.30000	0.45000	0.45000
-5088.27000	257.60000	0.45000	0.45000
-5020.08000	258.10000	0.70000	0.70000
-4930.31000	262.90000	0.25000	0.25000
-4819.65000	262.10000	0.45000	0.45000
-4732.55000	259.40000	0.30000	0.30000
-4622.29000	261.10000	0.20000	0.20000
-4451.24000	261.20000	0.35000	0.35000
-4387.21000	262.70000	0.45000	0.45000
-4351.96000	263.20000	0.30000	0.30000
-4139.81000	265.50000	0.40000	0.40000
-4049.38000	266.70000	0.45000	0.45000
-3984.09000	260.70000	0.80000	0.80000
-3902.26000	265.50000	0.40000	0.40000
-3807.61000	265.90000	0.45000	0.45000
-3631.30000	267.60000	1.00000	1.00000
-3583.29000	265.20000	0.40000	0.40000
-3407.55000	265.30000	0.85000	0.85000
-3361.18000	267.60000	0.30000	0.30000
-3268.57000	269.80000	0.60000	0.60000
-3136.79000	268.60000	0.55000	0.55000
-3031.58000	269.30000	0.50000	0.50000
-2971.20000	270.70000	0.25000	0.25000
-2823.00000	271.50000	0.40000	0.40000
-2697.46000	269.80000	0.50000	0.50000
-2642.82000	269.10000	0.30000	0.30000
-2544.36000	271.10000	0.40000	0.40000
-2392.82000	271.50000	0.45000	0.45000
-2325.08000	272.80000	0.40000	0.40000
-2255.84000	271.60000	0.35000	0.35000
-2158.67000	271.70000	0.50000	0.50000
-2018.95000	274.90000	0.65000	0.65000
-1906.17000	275.40000	0.25000	0.25000
-1856.86000	271.50000	0.50000	0.50000
-1743.41000	273.00000	0.40000	0.40000
-1694.46000	273.40000	0.65000	0.65000
-1578.29000	275.00000	0.30000	0.30000
-1481.12000	274.00000	0.15000	0.15000
-1333.66000	273.10000	0.55000	0.55000
-1305.73000	276.30000	0.75000	0.75000
-1106.60000	274.60000	0.40000	0.40000
-998.82000	276.30000	0.45000	0.45000
-954.55000	274.70000	0.60000	0.60000
-851.76000	275.30000	0.80000	0.80000
-758.48000	278.90000	0.30000	0.30000
-678.02000	273.90000	0.55000	0.55000
-576.12000	277.90000	0.25000	0.25000
-464.32000	277.60000	0.65000	0.65000
-315.55000	276.70000	0.40000	0.40000
-284.24000	276.70000	0.40000	0.40000
-143.36000	276.90000	0.35000	0.35000
-49.71000	278.00000	0.60000	0.60000
1.00000	276.70000	0.50000	0.50000
30.00000	277.90000	0.50000	0.50000
56.00000	277.40000	0.50000	0.50000
104.00000	277.50000	0.50000	0.50000
136.00000	278.10000	0.50000	0.50000
153.53000	278.07000	0.20500	0.20500
174.53000	277.56000	0.20500	0.20500
240.60000	280.25000	0.31000	0.31000
266.10000	278.31000	0.31000	0.31000
274.44000	280.24000	1.28000	1.28000
295.60000	280.91000	0.20500	0.20500
317.55000	281.69000	0.20500	0.20500
357.33000	277.80000	0.20500	0.20500
384.23000	277.25000	0.20500	0.20500
406.36000	279.13000	0.20500	0.20500
436.94000	280.00000	0.20500	0.20500
488.13000	277.11000	0.20500	0.20500
517.96000	276.79000	0.47000	0.47000
551.62000	276.56000	0.20500	0.20500
557.47000	278.46000	1.92500	1.92500
582.41000	276.20000	0.20500	0.20500
614.52000	277.87000	0.20500	0.20500
637.00000	279.59000	0.20500	0.20500
669.18000	278.45000	0.20500	0.20500
701.25000	277.10000	0.20500	0.20500
730.43000	279.99000	0.20500	0.20500
762.30000	279.29000	1.10500	1.10500
793.10000	279.72000	1.10500	1.10500
822.33000	278.62000	0.70500	0.70500
875.41000	279.42000	0.70500	0.70500
914.13000	280.11000	1.10500	1.10500
957.65000	277.41000	0.20500	0.20500
982.65000	278.74000	0.70500	0.70500
1017.58000	279.80000	0.67000	0.67000
1019.27000	280.06000	0.31500	0.31500
1040.08000	280.92000	0.47000	0.47000
1049.18000	280.97000	0.31500	0.31500
1070.20000	282.84000	0.47000	0.47000
1099.41000	283.09000	0.32000	0.32000
1115.61000	282.84000	0.47000	0.47000
1146.29000	284.51000	0.63500	0.63500
1165.98000	283.97000	0.70500	0.70500
1199.81000	284.54000	0.32000	0.32000
1210.95000	283.69000	0.47000	0.47000
1251.27000	282.41000	0.31500	0.31500
1259.51000	282.20000	0.47000	0.47000
1278.20000	278.43000	0.20500	0.20500
1307.45000	281.58000	0.47000	0.47000
1330.12000	284.07000	0.32000	0.32000
1348.85000	278.36000	0.20500	0.20500
1390.33000	280.91000	0.31500	0.31500
1410.86000	279.70000	0.47000	0.47000
1428.80000	279.73000	0.20500	0.20500
1449.16000	282.23000	0.47500	0.47500
1469.40000	280.31000	0.63500	0.63500
1501.53000	283.12000	0.32000	0.32000
1529.68000	283.95000	0.32000	0.32000
1549.65000	283.53000	0.63500	0.63500
1559.86000	281.83000	0.47000	0.47000
1573.01000	282.57000	0.32000	0.32000
1588.18000	281.11000	0.47000	0.47000
1590.99000	279.36000	0.47500	0.47500
1603.42000	275.07000	0.31500	0.31500
1609.46000	271.11000	0.20500	0.20500
1628.60000	273.78000	0.20500	0.20500
1639.81000	276.69000	0.47000	0.47000
1649.10000	278.02000	0.31500	0.31500
1681.89000	276.66000	0.31500	0.31500
1689.74000	276.32000	0.47000	0.47000
1694.07000	277.36000	0.31500	0.31500
1722.86000	278.27000	0.63500	0.63500
1723.01000	277.01000	0.47000	0.47000
1733.87000	278.31000	0.47000	0.47000
1741.26000	276.81000	0.47000	0.47000
1749.12000	277.60000	0.31500	0.31500
1751.93000	276.46000	0.47000	0.47000
1752.13000	278.00000	0.31500	0.31500
1762.88000	277.16000	0.31500	0.31500
1763.70000	276.40000	0.47000	0.47000
1773.46000	277.86000	0.47000	0.47000
1779.49000	280.24000	0.31500	0.31500
1780.30000	273.07000	0.20500	0.20500
1794.10000	281.62000	0.47000	0.47000
1795.94000	282.30000	0.31500	0.31500
1796.47000	280.40000	0.86000	0.86000
1799.34000	282.80000	0.39500	0.39500
1813.66000	284.43000	0.47000	0.47000
1824.74000	281.36000	0.47000	0.47000
1826.92000	285.91000	0.32000	0.32000
1832.87000	285.09000	0.47500	0.47500
1833.18000	283.82000	0.47000	0.47000
1836.70000	284.15000	0.47000	0.47000
1840.83000	283.65000	0.31500	0.31500
1843.29000	281.58000	0.58000	0.58000
1844.46000	283.53000	0.58000	0.58000
1844.65000	283.18000	0.58000	0.58000
1845.90000	283.62000	0.67000	0.67000
1847.32000	286.84000	0.32000	0.32000
1850.26000	284.00000	0.58000	0.58000
1850.83000	288.79000	0.20500	0.20500
1851.11000	285.47000	0.31500	0.31500
1853.71000	288.05000	1.10500	1.10500
1854.72000	285.57000	0.31500	0.31500
1856.62000	283.16000	0.58000	0.58000
1858.84000	286.63000	0.20500	0.20500
1861.83000	287.17000	0.31500	0.31500
1862.98000	285.35000	0.47000	0.47000
1864.13000	286.65000	0.58000	0.58000
1866.74000	285.05000	0.84000	0.84000
1867.73000	287.99000	0.20500	0.20500
1868.41000	289.54000	0.86000	0.86000
1869.66000	287.99000	0.31500	0.31500
1870.04000	286.33000	0.58000	0.58000
1872.83000	286.66000	0.67000	0.67000
1873.74000	291.56000	1.10500	1.10500
1876.91000	289.33000	0.31500	0.31500
1879.95000	287.77000	0.58000	0.58000
1882.92000	292.46000	0.47500	0.47500
1883.79000	289.76000	0.47000	0.47000
1884.18000	289.23000	0.31000	0.31000
1885.60000	288.12000	1.00500	1.00500
1887.39000	294.34000	0.31500	0.31500
1889.01000	292.34000	0.34000	0.34000
1889.87000	290.92000	0.58000	0.58000
1892.39000	295.17000	0.31500	0.31500
1892.88000	294.86000	0.86000	0.86000
1893.06000	295.32000	0.32000	0.32000
1893.66000	293.17000	0.86000	0.86000
1893.76000	293.81000	0.47000	0.47000
1898.66000	295.28000	0.31500	0.31500
1898.94000	297.05000	1.10500	1.10500
1900.18000	294.22000	0.58000	0.58000
1901.70000	295.61000	0.66500	0.66500
1903.91000	295.99000	0.47000	0.47000
1905.35000	299.02000	0.31500	0.31500
1905.54000	297.33000	0.31500	0.31500
1905.77000	299.63000	0.32000	0.32000
1908.52000	301.50000	1.10500	1.10500
1909.76000	297.87000	0.58000	0.58000
1910.72000	298.11000	1.28000	1.28000
1911.10000	297.73000	0.86000	0.86000
1911.29000	299.26000	0.86000	0.86000
1912.52000	301.30000	0.31500	0.31500
1914.39000	300.70000	1.22500	1.22500
1915.79000	301.92000	0.31500	0.31500
1917.87000	303.85000	0.33500	0.33500
1918.67000	304.61000	1.10500	1.10500
1919.71000	301.88000	0.58000	0.58000
1922.51000	303.18000	0.47000	0.47000
1922.84000	306.20000	1.91000	1.91000
1924.75000	304.72000	0.86000	0.86000
1925.31000	304.97000	0.31500	0.31500
1927.80000	308.02000	1.59000	1.59000
1928.16000	305.67000	0.32000	0.32000
1928.54000	305.71000	0.47000	0.47000
1928.74000	305.78000	0.32000	0.32000
1929.39000	305.38000	0.03500	0.03500
1930.83000	305.74000	0.72500	0.72500
1932.29000	308.26000	0.31500	0.31500
1932.54000	308.28000	1.10500	1.10500
1932.78000	305.94000	0.58000	0.58000
1933.59000	307.08000	1.28000	1.28000
1933.88000	309.63000	0.31500	0.31500
1935.06000	306.32000	0.58000	0.58000
1935.71000	307.26000	0.58000	0.58000
1935.87000	309.34000	1.43500	1.43500
1936.86000	307.41000	0.58000	0.58000
1937.77000	312.33000	0.06500	0.06500
1937.87000	311.52000	1.10500	1.10500
1938.13000	311.94000	0.67000	0.67000
1938.16000	308.48000	0.32000	0.32000
1938.97000	310.46000	1.08500	1.08500
1939.22000	311.21000	0.31500	0.31500
1939.59000	310.95000	0.31500	0.31500
1939.97000	309.80000	0.32000	0.32000
1940.75000	307.74000	0.58000	0.58000
1940.84000	311.80000	1.10500	1.10500
1941.78000	312.39000	1.10500	1.10500
1942.04000	312.84000	1.28000	1.28000
1942.21000	311.88000	1.38500	1.38500
1943.57000	312.36000	1.10500	1.10500
1944.51000	310.22000	0.31500	0.31500
1944.76000	311.28000	0.20500	0.20500
1944.96000	310.44000	1.28000	1.28000
1945.39000	311.81000	1.56000	1.56000
1945.56000	311.97000	1.04000	1.04000
1945.62000	312.56000	1.10500	1.10500
1946.63000	312.87000	1.10500	1.10500
1946.66000	310.36000	0.31500	0.31500
1947.71000	311.57000	1.10500	1.10500
1948.77000	309.69000	0.20500	0.20500
1949.67000	313.66000	1.10500	1.10500
1950.25000	312.00000	0.32000	0.32000
1952.38000	312.18000	0.20500	0.20500
1953.56000	312.22000	0.71000	0.71000
1953.71000	312.80000	0.31500	0.31500
1953.79000	313.17000	0.31500	0.31500
1954.80000	314.71000	1.10500	1.10500
1956.16000	315.34000	0.32000	0.32000
1957.10000	314.44000	0.39500	0.39500
1957.20000	316.33000	0.06500	0.06500
1957.26000	315.27000	0.58000	0.58000
1957.87000	314.57000	0.20500	0.20500
1958.10000	316.10000	0.86000	0.86000
1958.56000	316.33000	0.47000	0.47000
1959.09000	311.98000	0.90500	0.90500
1960.31000	313.09000	0.90500	0.90500
1960.57000	318.21000	0.86000	0.86000
1961.72000	316.59000	0.32000	0.32000
1962.32000	317.52000	0.31500	0.31500
1962.40000	319.14000	0.31500	0.31500
1962.54000	317.45000	0.31500	0.31500
1962.62000	318.61000	0.45000	0.45000
1963.20000	319.07000	0.31500	0.31500
1963.56000	319.12000	0.47000	0.47000
1965.23000	319.89000	0.31500	0.31500
1965.30000	319.20000	0.47500	0.47500
1965.87000	320.98000	0.87000	0.87000
1966.55000	322.17000	0.67000	0.67000
1966.79000	320.49000	0.58000	0.58000
1968.54000	320.38000	0.58000	0.58000
1968.81000	324.09000	0.31500	0.31500
1968.98000	325.08000	0.31500	0.31500
1969.42000	324.71000	0.31500	0.31500
1970.22000	324.56000	0.31500	0.31500
1970.64000	324.91000	0.09000	0.09000
1970.66000	326.65000	0.58000	0.58000
1970.87000	326.31000	0.67000	0.67000
1972.04000	330.35000	1.10500	1.10500
1972.09000	328.42000	0.31500	0.31500
1974.13000	331.55000	0.31500	0.31500
1975.57000	332.37000	0.02000	0.02000
1976.67000	332.37000	0.63500	0.63500
1976.80000	335.55000	0.31500	0.31500
1979.14000	334.85000	0.18500	0.18500
1983.03000	339.46000	0.15000	0.15000
1983.08000	341.33000	0.05000	0.05000
1984.92000	342.05000	0.23000	0.23000
1985.76000	343.11000	0.07000	0.07000
1986.14000	343.97000	0.03000	0.03000
1986.62000	344.72000	0.04500	0.04500
1987.21000	345.44000	0.01500	0.01500
1988.07000	347.60000	0.20000	0.20000
1988.97000	349.28000	0.06500	0.06500
1989.41000	349.80000	0.07000	0.07000
1989.97000	350.81000	0.08000	0.08000
1991.13000	352.42000	0.05000	0.05000
1992.31000	353.72000	0.11000	0.11000
1993.08000	353.95000	0.02000	0.02000
1994.41000	357.11000	0.08000	0.08000
1996.28000	359.65000	0.05000	0.05000
1998.00000	361.78000	0.18500	0.18500
2001.03000	368.02000	0.03000	0.03000
