Date	N12	N3	N4	N34
1982-01-01	-0.2400	0.1700	-0.2100	0.0800
1982-02-01	-0.7200	-0.1100	-0.1100	-0.2000
1982-03-01	-1.3800	-0.2500	-0.0500	-0.1400
1982-04-01	-1.1600	-0.0500	0.1000	0.0200
1982-05-01	-0.6200	0.4900	0.4000	0.4900
1982-06-01	-0.2900	0.4600	0.6200	0.6500
1982-07-01	0.2400	0.2700	-0.0200	0.2700
1982-08-01	0.8500	0.8300	0.0100	0.8600
1982-09-01	1.3300	1.4900	0.2400	1.2400
1982-10-01	1.8000	1.9600	0.4300	1.7300
1982-11-01	2.7800	2.1900	0.1800	1.6800
1982-12-01	2.8900	2.8000	0.3600	2.2100
1983-01-01	2.3000	2.6900	0.4100	2.1300
1983-02-01	1.5500	2.0100	0.4100	1.8100
1983-03-01	1.7300	1.3200	0.3700	1.2200
1983-04-01	2.3700	1.1900	-0.0200	0.6800
1983-05-01	3.2600	1.4300	0.1800	0.6800
1983-06-01	4.0300	1.4500	-0.0600	0.4500
1983-07-01	3.8500	0.6800	-0.3200	-0.3300
1983-08-01	2.8800	0.5500	-0.4900	-0.4400
1983-09-01	1.5800	0.2000	-0.6200	-0.3800
1983-10-01	1.1100	-0.5200	-1.0200	-1.0200
1983-11-01	0.3800	-1.0300	-1.0100	-1.2900
1983-12-01	0.1100	-0.8800	-0.9700	-1.1600
1984-01-01	-0.1600	-0.8700	-0.8100	-0.9600
1984-02-01	-0.8700	0.0300	-0.8400	-0.1600
1984-03-01	-0.8800	-0.2800	-0.9100	-0.5200
1984-04-01	-0.4500	-0.2900	-0.9700	-0.5400
1984-05-01	-1.1700	-0.8400	-0.8500	-0.6900
1984-06-01	-0.9700	-1.2900	-0.8100	-1.0300
1984-07-01	-0.6900	-0.8300	-0.4500	-0.6800
1984-08-01	-0.5700	-0.5800	-0.6500	-0.5400
1984-09-01	-0.3800	-0.2900	-0.4500	-0.4100
1984-10-01	-0.4300	-0.9000	-0.6700	-0.7500
1984-11-01	-0.2100	-1.0500	-0.7500	-1.3000
1984-12-01	-0.2100	-1.3700	-1.0000	-1.4800
1985-01-01	-0.9300	-1.3900	-0.8300	-1.3000
1985-02-01	-1.3000	-1.1400	-0.5700	-0.9200
1985-03-01	-0.9500	-0.9600	-0.9900	-0.8900
1985-04-01	-1.4300	-0.9400	-1.0900	-1.1000
1985-05-01	-1.8900	-1.2200	-1.0800	-1.0800
1985-06-01	-1.3500	-1.1900	-0.9600	-1.0800
1985-07-01	-1.3700	-1.1400	-0.7400	-0.8000
1985-08-01	-1.2600	-0.9800	-0.6000	-0.6300
1985-09-01	-1.3500	-0.9700	-0.6000	-0.7700
1985-10-01	-1.1100	-0.9800	-0.5700	-0.7400
1985-11-01	-0.7900	-0.9100	-0.3700	-0.5900
1985-12-01	-0.5000	-0.8800	-0.3400	-0.5900
1986-01-01	-0.0200	-0.8700	-0.5200	-0.7200
1986-02-01	-0.2200	-0.5800	-0.3700	-0.7800
1986-03-01	-0.6900	-0.4200	-0.2900	-0.6000
1986-04-01	-0.9100	-0.5300	-0.6800	-0.5200
1986-05-01	-1.2700	-0.7700	-0.4400	-0.5600
1986-06-01	-1.0200	-0.4900	-0.2400	-0.3300
1986-07-01	-0.6100	-0.0900	-0.2900	-0.0400
1986-08-01	-0.1400	-0.1000	-0.0100	0.1900
1986-09-01	-0.1100	0.2900	0.1500	0.4000
1986-10-01	0.1200	0.3400	0.2300	0.5100
1986-11-01	-0.0100	0.5400	0.3000	0.5400
1986-12-01	0.1200	0.6000	0.1900	0.8200
1987-01-01	0.5400	0.8100	0.2600	0.9400
1987-02-01	0.6600	0.7800	0.3100	0.8200
1987-03-01	0.9400	0.8000	0.4700	0.8900
1987-04-01	0.8700	0.5700	0.2600	0.4500
1987-05-01	0.8400	0.6200	0.0600	0.3200
1987-06-01	0.6600	0.5100	0.3400	0.7200
1987-07-01	0.7000	0.9900	0.2900	1.0400
1987-08-01	0.7200	1.0600	0.3500	1.2000
1987-09-01	0.7100	1.3700	0.3300	1.3200
1987-10-01	1.2900	0.8800	0.6300	0.9700
1987-11-01	0.9300	0.7300	0.6300	0.8500
1987-12-01	0.4400	0.9100	0.5100	0.7700
1988-01-01	-0.1900	0.5300	0.5000	0.6700
1988-02-01	-0.4200	-0.0300	0.3100	0.2200
1988-03-01	-0.8500	-0.1000	-0.0700	0.0600
1988-04-01	-1.0700	-0.7600	-0.6000	-0.5500
1988-05-01	-1.1300	-1.6700	-0.7200	-1.3200
1988-06-01	-1.5900	-2.1600	-0.9500	-1.7000
1988-07-01	-1.6000	-2.0800	-1.0000	-1.7300
1988-08-01	-1.6600	-1.6000	-0.9900	-1.4300
1988-09-01	-1.5200	-0.9400	-0.7700	-0.9300
1988-10-01	-1.5300	-1.5800	-1.7500	-2.0100
1988-11-01	-1.2200	-1.8200	-1.8700	-2.2200
1988-12-01	-1.1700	-1.8200	-1.7800	-2.0100
1989-01-01	-0.4800	-1.4500	-1.8600	-2.0000
1989-02-01	-0.2300	-0.9600	-1.4600	-1.4800
1989-03-01	0.0000	-1.2300	-1.2600	-1.4400
1989-04-01	-0.1300	-1.0600	-1.1000	-1.3200
1989-05-01	-1.2500	-0.9000	-0.6900	-0.8900
1989-06-01	-1.1500	-0.3900	-1.0500	-0.6700
1989-07-01	-0.7000	-0.5200	-0.8300	-0.5700
1989-08-01	-0.5100	-0.6500	-0.9100	-0.7200
1989-09-01	-0.8800	-0.4000	-0.5400	-0.5100
1989-10-01	-0.6800	-0.5700	-0.5400	-0.5500
1989-11-01	-0.4300	-0.7000	-0.7600	-0.6200
1989-12-01	-0.5800	-0.5000	-0.1500	-0.2000
1990-01-01	-0.6000	-0.4000	-0.0200	-0.1100
1990-02-01	-0.4300	-0.1100	0.1800	0.0100
1990-03-01	-0.5000	-0.5000	0.1300	-0.1800
1990-04-01	-0.7000	-0.2100	0.1600	-0.0600
1990-05-01	-0.6100	0.0300	-0.1500	0.0400
1990-06-01	-0.4000	-0.1800	-0.2000	-0.2600
1990-07-01	-0.9000	-0.1500	-0.1100	-0.0300
1990-08-01	-0.4700	-0.0600	0.1400	0.0900
1990-09-01	-0.6000	-0.0100	0.0800	-0.0300
1990-10-01	-0.7900	-0.1700	0.2800	0.1800
1990-11-01	-0.9000	-0.3600	0.1500	-0.0900
1990-12-01	-0.7200	-0.0800	0.3900	0.2200
1991-01-01	-0.7800	-0.0500	0.4000	0.3300
1991-02-01	-0.4000	-0.1000	0.3000	0.1400
1991-03-01	-0.2800	-0.2000	0.1500	-0.0800
1991-04-01	-0.5200	-0.1900	0.2200	0.0800
1991-05-01	0.0400	0.2200	0.3900	0.2500
1991-06-01	-0.1100	0.5800	0.2100	0.3900
1991-07-01	0.2300	0.5600	0.1700	0.4700
1991-08-01	0.1200	0.3300	0.3800	0.6000
1991-09-01	0.1400	0.1100	0.1700	0.3100
1991-10-01	0.2200	0.2700	0.6300	0.6400
1991-11-01	0.2900	0.7300	0.4400	0.8900
1991-12-01	0.2900	1.0300	0.7700	1.5000
1992-01-01	0.0700	1.1800	0.5800	1.6700
1992-02-01	0.1500	0.9600	0.6700	1.5500
1992-03-01	0.7800	0.7100	0.6000	1.1600
1992-04-01	1.4400	0.8900	0.5200	1.0000
1992-05-01	1.4700	1.0700	0.3300	0.9100
1992-06-01	0.4800	0.4700	0.1700	0.4200
1992-07-01	-0.3900	-0.2200	0.3300	0.1500
1992-08-01	-0.1800	-0.2400	-0.0400	-0.0800
1992-09-01	-0.2100	-0.1900	-0.0300	-0.1600
1992-10-01	0.1200	-0.4200	-0.2400	-0.5000
1992-11-01	-0.2600	-0.2300	-0.3000	-0.1800
1992-12-01	-0.4300	-0.1700	0.0300	0.1400
1993-01-01	-0.2700	-0.0100	0.0900	0.1600
1993-02-01	0.0300	0.3100	0.0000	0.3400
1993-03-01	0.2300	0.2200	0.0700	0.2300
1993-04-01	0.5000	0.4400	0.0000	0.3200
1993-05-01	0.5400	0.8400	-0.0000	0.6500
1993-06-01	0.3600	0.1800	-0.0800	0.1500
1993-07-01	0.2300	0.1700	0.0200	0.2200
1993-08-01	0.1300	0.0300	-0.0200	-0.0400
1993-09-01	0.3000	0.1500	0.1600	0.2400
1993-10-01	0.3200	0.2000	-0.0200	0.1900
1993-11-01	0.0100	0.0100	0.0800	0.0800
1993-12-01	-0.3700	-0.0200	0.2900	0.1000
1994-01-01	-0.2000	0.0800	0.0900	0.0200
1994-02-01	-0.3400	-0.1900	-0.2000	-0.0800
1994-03-01	-1.0600	-0.3000	0.0600	0.1500
1994-04-01	-1.2200	-0.5600	-0.1100	0.0800
1994-05-01	-1.1000	-0.2600	0.1900	0.1200
1994-06-01	-0.7500	-0.2300	0.1900	0.1300
1994-07-01	-0.6100	-0.6100	0.4700	-0.0100
1994-08-01	-0.9600	-0.3500	0.6100	0.4000
1994-09-01	-0.5200	-0.1100	0.3800	0.2800
1994-10-01	0.6900	0.4900	0.5000	0.6000
1994-11-01	0.6300	0.7300	0.5800	0.9100
1994-12-01	0.6200	0.8000	0.7100	1.1500
1995-01-01	0.5200	0.5000	0.5400	0.7500
1995-02-01	0.0700	0.3700	0.7100	0.6400
1995-03-01	-0.3000	-0.2000	0.5900	0.3000
1995-04-01	-1.0800	-0.5700	0.3600	0.0700
1995-05-01	-1.2400	-0.8200	0.2600	-0.2100
1995-06-01	-0.7300	-0.6100	0.0600	-0.3600
1995-07-01	-0.5000	-0.3600	-0.0800	-0.2100
1995-08-01	-0.7100	-0.7800	-0.2100	-0.5700
1995-09-01	-0.3500	-0.8500	-0.3200	-0.6600
1995-10-01	-0.8200	-0.9000	-0.5700	-0.9400
1995-11-01	-0.1000	-1.0100	-0.6300	-1.0100
1995-12-01	-0.8600	-0.9600	-0.4800	-0.9100
1996-01-01	-0.6900	-0.7100	-0.4800	-0.8300
1996-02-01	-0.4900	-0.6600	-0.6200	-0.7700
1996-03-01	-0.4500	-0.5000	-0.6100	-0.6600
1996-04-01	-1.6400	-0.9400	-0.5000	-0.4900
1996-05-01	-1.3400	-0.8500	-0.3800	-0.5100
1996-06-01	-1.3100	-0.7800	-0.3900	-0.4800
1996-07-01	-1.3400	-0.6500	-0.4200	-0.3700
1996-08-01	-1.1100	-0.5400	-0.2600	-0.3100
1996-09-01	-1.0800	-0.5500	-0.3200	-0.3500
1996-10-01	-0.7300	-0.6800	-0.3500	-0.5500
1996-11-01	-1.2900	-0.6400	-0.4300	-0.4300
1996-12-01	-1.1600	-1.0600	-0.1400	-0.6000
1997-01-01	-0.9300	-0.9800	-0.1000	-0.6100
1997-02-01	-0.4500	-0.7200	0.1200	-0.3900
1997-03-01	0.2300	-0.4400	0.1300	-0.3600
1997-04-01	0.8000	-0.3100	0.4800	-0.1100
1997-05-01	1.8300	0.4600	0.4200	0.4000
1997-06-01	2.7900	1.2100	0.2000	0.8100
1997-07-01	3.5900	1.7700	0.4000	1.2700
1997-08-01	3.7100	2.3200	0.3300	1.6800
1997-09-01	3.6300	2.5200	0.5600	1.8400
1997-10-01	3.5700	2.6900	0.3000	1.9600
1997-11-01	3.7300	3.0400	0.6100	2.1100
1997-12-01	3.7300	3.0700	0.4400	2.1000
1998-01-01	2.8800	2.7500	0.4400	2.0300
1998-02-01	1.9100	2.1900	0.5200	1.7400
1998-03-01	1.9100	1.6400	0.2700	1.1800
1998-04-01	2.3400	1.2000	-0.1200	0.5000
1998-05-01	2.8400	1.0600	-0.2300	0.4500
1998-06-01	1.9200	-0.2700	-0.4800	-0.7500
1998-07-01	1.6400	-0.3800	-0.7700	-1.1500
1998-08-01	1.1200	-0.4300	-0.9000	-1.2000
1998-09-01	0.5300	-0.6300	-0.7700	-1.0300
1998-10-01	0.7900	-0.9100	-1.4100	-1.3400
1998-11-01	-0.1700	-0.7300	-1.4300	-1.3100
1998-12-01	0.2400	-1.1500	-1.4800	-1.7300
1999-01-01	-0.6900	-1.1500	-1.6700	-1.5800
1999-02-01	-0.4200	-0.7400	-1.4800	-1.1000
1999-03-01	0.0100	-0.3500	-1.3400	-0.8900
1999-04-01	-1.5200	-0.8300	-1.2900	-0.9900
1999-05-01	-0.8200	-0.6400	-0.9900	-0.9200
1999-06-01	-0.8300	-0.8000	-0.8900	-1.0800
1999-07-01	-0.7900	-0.8700	-1.0900	-1.0300
1999-08-01	-0.8300	-0.9600	-0.9500	-1.2200
1999-09-01	-0.9400	-1.1200	-0.9100	-1.0300
1999-10-01	-0.7400	-1.3400	-0.8500	-1.1900
1999-11-01	-0.9600	-1.5700	-1.1300	-1.6300
1999-12-01	-0.6700	-1.5900	-1.2300	-1.6500
2000-01-01	-0.5900	-1.6700	-1.2000	-1.7700
2000-02-01	-0.3900	-1.0000	-1.4100	-1.5200
2000-03-01	-0.7200	-0.6100	-1.4900	-1.1300
2000-04-01	0.2100	-0.1900	-1.2200	-0.9000
2000-05-01	-0.6400	-0.5600	-1.1400	-0.9700
2000-06-01	-0.4900	-0.7300	-0.5500	-0.7000
2000-07-01	-1.0500	-0.8000	-0.5700	-0.7300
2000-08-01	-1.0100	-0.5800	-0.5500	-0.5100
2000-09-01	-0.5700	-0.4600	-0.3300	-0.5200
2000-10-01	-0.5000	-0.5700	-0.6600	-0.7100
2000-11-01	-0.9700	-0.9100	-0.6700	-0.9000
2000-12-01	-0.4100	-0.7200	-1.1600	-1.0500
2001-01-01	-0.3700	-0.4300	-0.9100	-0.7600
2001-02-01	-0.3800	-0.2100	-0.9900	-0.5600
2001-03-01	0.3400	0.1000	-0.7300	-0.3700
2001-04-01	0.5300	-0.2200	-0.6000	-0.5600
2001-05-01	-0.3500	-0.2200	-0.4100	-0.4600
2001-06-01	-0.6900	-0.2300	-0.2700	-0.1600
2001-07-01	-0.5800	-0.3700	0.1500	-0.1100
2001-08-01	-0.5500	-0.3500	0.0700	-0.0900
2001-09-01	-0.7700	-0.5000	0.3900	-0.1900
2001-10-01	-1.0700	-0.4700	0.1900	-0.2500
2001-11-01	-0.8500	-0.8400	0.1200	-0.4800
2001-12-01	-0.6400	-0.5900	-0.0900	-0.5300
2002-01-01	-0.5800	-0.6500	0.3800	-0.2000
2002-02-01	-0.0700	-0.3400	0.3200	0.0300
2002-03-01	0.6900	0.0600	0.0600	-0.0600
2002-04-01	0.6600	-0.1200	0.3700	0.0300
2002-05-01	0.7400	0.1600	0.5000	0.1900
2002-06-01	0.1200	0.4800	0.5000	0.6000
2002-07-01	0.0200	0.3000	0.4600	0.5800
2002-08-01	-0.1500	0.3100	0.5400	0.6600
2002-09-01	0.2200	0.6700	0.5600	0.8500
2002-10-01	0.7700	0.6600	0.5700	1.0200
2002-11-01	1.1900	1.0900	0.8300	1.2000
2002-12-01	0.8900	1.1500	0.8300	1.3000
2003-01-01	-0.0500	0.6700	0.6400	0.8800
2003-02-01	0.0400	0.4000	0.6100	0.6500
2003-03-01	0.0600	0.1500	0.6100	0.5000
2003-04-01	-0.7700	-0.3600	0.1600	-0.1400
2003-05-01	-1.7400	-0.9100	-0.2000	-0.6000
2003-06-01	-0.9500	-0.5900	0.0200	-0.3400
2003-07-01	-0.4400	-0.0200	0.1400	0.0400
2003-08-01	0.1800	0.1600	0.1400	0.0400
2003-09-01	-0.2700	0.1000	0.1400	0.1800
2003-10-01	0.2700	0.4200	0.4400	0.4200
2003-11-01	0.4400	0.3200	0.4100	0.2100
2003-12-01	0.4700	0.6800	0.3000	0.3400
2004-01-01	0.2800	0.4700	0.3100	0.2200
2004-02-01	0.1200	0.2600	0.2700	0.1600
2004-03-01	-0.7800	-0.0500	0.0800	-0.1800
2004-04-01	-0.0200	-0.1500	0.0600	-0.0400
2004-05-01	-0.9700	-0.4400	0.1500	0.0700
2004-06-01	-0.9400	-0.2400	0.0700	-0.0000
2004-07-01	-0.7500	0.0400	0.3500	0.4700
2004-08-01	-0.6300	0.0900	0.4000	0.6100
2004-09-01	-0.3300	0.2600	0.6500	0.6700
2004-10-01	0.3400	0.4100	0.6700	0.6400
2004-11-01	0.8900	0.5500	0.6400	0.5900
2004-12-01	0.1500	0.5600	0.6800	0.6300
2005-01-01	0.1300	0.2800	0.8900	0.6100
2005-02-01	-0.5800	-0.1300	0.6100	0.2400
2005-03-01	-1.3700	-0.2300	0.5100	0.2700
2005-04-01	-0.6100	-0.0000	0.2900	0.1300
2005-05-01	-0.0400	0.1900	0.2100	0.2200
2005-06-01	-0.6700	0.1100	0.2300	0.2000
2005-07-01	-0.4000	0.1100	0.1300	0.0800
2005-08-01	-0.5700	0.2200	0.0200	0.0600
2005-09-01	-0.6800	-0.2100	-0.0400	-0.1200
2005-10-01	-1.1100	-0.3200	0.0600	-0.0700
2005-11-01	-1.2700	-0.9800	-0.1200	-0.5400
2005-12-01	-0.7100	-1.2100	-0.1800	-0.8000
2006-01-01	-0.1100	-0.8200	-0.5600	-0.9300
2006-02-01	0.5800	-0.2700	-0.7300	-0.6700
2006-03-01	-0.2800	-0.5700	-0.4900	-0.6600
2006-04-01	-1.2100	-0.3000	-0.3400	-0.2800
2006-05-01	-0.4400	-0.0500	-0.1400	-0.0600
2006-06-01	-0.2700	0.0000	0.1600	0.0800
2006-07-01	0.1700	-0.0200	0.1400	-0.0100
2006-08-01	0.7500	0.3900	0.4200	0.3300
2006-09-01	1.1500	0.8000	0.6600	0.5300
2006-10-01	1.6000	0.7900	0.6300	0.6500
2006-11-01	1.2000	0.8800	0.8400	0.8500
2006-12-01	1.1100	1.1400	0.9000	1.1000
2007-01-01	0.6100	0.9400	0.6900	0.7500
2007-02-01	0.1600	0.1400	0.5200	0.1100
2007-03-01	-0.3300	-0.4600	0.4000	-0.0800
2007-04-01	-0.5400	-0.3100	0.1500	-0.1000
2007-05-01	-1.1200	-0.7900	-0.1400	-0.4300
2007-06-01	-0.8300	-0.4600	-0.1100	-0.1400
2007-07-01	-0.6500	-0.6300	-0.2400	-0.4100
2007-08-01	-0.9700	-1.0200	-0.1700	-0.5800
2007-09-01	-1.0700	-1.0200	-0.5200	-0.8600
2007-10-01	-1.5900	-1.2900	-0.6300	-1.1900
2007-11-01	-1.9000	-1.5400	-1.1000	-1.4200
2007-12-01	-1.7200	-1.3600	-0.8000	-1.1800
2008-01-01	-0.2600	-1.3500	-1.4400	-1.5900
2008-02-01	0.2700	-1.0800	-1.3900	-1.4900
2008-03-01	0.5200	-0.4700	-1.0900	-0.9400
2008-04-01	0.3200	-0.2900	-0.9400	-0.8500
2008-05-01	0.0700	-0.0300	-0.9000	-0.6900
2008-06-01	0.4400	-0.1200	-0.8500	-0.6400
2008-07-01	0.9000	0.2500	-0.6800	-0.2700
2008-08-01	1.1800	0.5700	-0.6800	-0.0700
2008-09-01	1.1200	0.3400	-0.5800	-0.2400
2008-10-01	0.4500	0.2300	-0.4300	-0.2000
2008-11-01	0.0000	-0.0500	-0.5000	-0.3500
2008-12-01	-0.2600	-0.6300	-0.7700	-0.8200
2009-01-01	-0.1600	-0.3500	-0.8400	-0.8000
2009-02-01	-0.2400	-0.4200	-0.6900	-0.6000
2009-03-01	-0.4900	-0.6500	-0.5400	-0.6200
2009-04-01	0.3400	-0.0400	-0.2100	-0.1600
2009-05-01	0.5000	0.3800	0.0300	0.1800
2009-06-01	0.7300	0.6300	0.1200	0.4200
2009-07-01	0.9800	0.7900	0.2700	0.5300
2009-08-01	0.8000	0.8300	0.4700	0.6900
2009-09-01	0.6300	0.8200	0.3700	0.7100
2009-10-01	0.2500	0.7500	0.8600	0.9200
2009-11-01	0.2500	1.0700	1.1700	1.4300
2009-12-01	0.6200	1.4100	1.1700	1.6800
2010-01-01	0.0000	1.0600	1.1600	1.5300
2010-02-01	-0.3000	0.7400	0.9200	1.1900
2010-03-01	-0.1000	0.7200	0.8700	1.1100
2010-04-01	0.6200	0.5500	0.7000	0.5900
2010-05-01	0.1300	-0.0900	0.2100	-0.1100
2010-06-01	0.1800	-0.5600	-0.2600	-0.5500
2010-07-01	-1.0700	-0.8700	-0.6600	-0.9200
2010-08-01	-0.9200	-0.9900	-1.1300	-1.2100
2010-09-01	-1.3500	-0.9400	-1.4700	-1.3100
2010-10-01	-1.4100	-1.3600	-1.3500	-1.4100
2010-11-01	-1.3200	-1.2500	-1.4300	-1.4400
2010-12-01	-1.2000	-1.2900	-1.1400	-1.2100
2011-01-01	-0.6200	-1.2800	-1.1800	-1.4800
2011-02-01	0.0100	-0.8000	-1.0700	-1.1900
2011-03-01	-0.5000	-0.8000	-0.5000	-0.8300
2011-04-01	-0.1200	-0.3700	-0.7500	-0.7600
2011-05-01	0.1600	-0.2800	-0.4200	-0.3900
2011-06-01	0.2500	-0.0500	-0.4900	-0.3100
2011-07-01	0.2900	0.0100	-0.4000	-0.1900
2011-08-01	-0.0600	-0.3400	-0.2300	-0.4200
2011-09-01	-0.7000	-0.5700	-0.5700	-0.6700
2011-10-01	-0.9300	-0.7400	-0.6900	-0.7100
2011-11-01	-0.6700	-1.0200	-0.8100	-0.9800
2011-12-01	-0.6500	-0.9200	-1.0100	-0.9900
2012-01-01	-0.6100	-0.4800	-0.9200	-0.6500
2012-02-01	-0.1500	-0.2500	-0.6300	-0.5500
2012-03-01	-0.0800	-0.1200	-0.6800	-0.4400
2012-04-01	0.8200	-0.0900	-0.5300	-0.5100
2012-05-01	0.8100	0.0500	-0.4200	-0.1900
2012-06-01	1.3100	0.5500	-0.3400	0.2400
2012-07-01	0.3000	0.6000	-0.2500	0.2700
2012-08-01	0.0900	0.7000	0.0900	0.6800
2012-09-01	0.5500	0.4000	0.1200	0.4400
2012-10-01	-0.4600	0.0200	0.3400	0.3600
2012-11-01	-0.1000	0.2400	0.3700	0.5000
2012-12-01	-0.4500	-0.6500	0.0100	-0.4700
2013-01-01	-0.1400	-0.6700	-0.0800	-0.4800
2013-02-01	-0.1100	-0.5500	0.0900	-0.4800
2013-03-01	-0.4900	0.0400	-0.4900	-0.2200
2013-04-01	-1.0800	0.0200	-0.1500	0.1100
2013-05-01	-1.3700	-0.6900	-0.2200	-0.3000
2013-06-01	-1.9000	-0.8000	-0.2700	-0.3400
2013-07-01	-1.8100	-0.5700	-0.1700	-0.2600
2013-08-01	-1.0300	-0.7200	-0.1900	-0.4700
2013-09-01	-0.7700	-0.0500	0.0600	0.0500
2013-10-01	-0.6700	-0.0500	0.1200	-0.1500
2013-11-01	-0.6400	-0.2300	0.1400	-0.0900
2013-12-01	-0.0100	0.0300	-0.3000	-0.1800
2014-01-01	0.1900	-0.2000	-0.3200	-0.4900
2014-02-01	-0.9200	-0.7500	-0.1600	-0.8500
2014-03-01	-0.7900	-0.0500	0.0500	-0.3400
2014-04-01	-0.3500	0.1700	0.3200	0.1800
2014-05-01	0.5700	0.5900	0.4800	0.4500
2014-06-01	1.2200	0.9300	0.2200	0.4700
2014-07-01	1.3600	0.4800	0.0400	-0.0300
2014-08-01	1.0200	0.3200	0.2800	-0.0100
2014-09-01	0.7400	0.3400	0.5300	0.3100
2014-10-01	0.3900	0.6300	0.4700	0.4300
2014-11-01	0.7400	0.8800	0.7300	0.7500
2014-12-01	-0.1100	0.7700	0.7500	0.6300
2015-01-01	0.0600	0.5400	0.7000	0.5100
2015-02-01	-0.5700	0.3700	0.9600	0.7500
2015-03-01	0.1300	0.1200	0.9400	0.4400
2015-04-01	0.9600	0.7600	1.1000	0.8200
2015-05-01	1.3400	0.8600	0.8900	0.8300
2015-06-01	1.9100	1.2600	0.9000	1.0200
2015-07-01	2.4800	1.7100	0.8900	1.2600
2015-08-01	1.8000	1.8400	0.7300	1.6500
2015-09-01	2.2600	2.0900	0.7900	1.7900
2015-10-01	2.2000	2.3800	0.9500	2.2100
2015-11-01	2.0400	2.7000	1.5500	2.7200
2015-12-01	2.1000	2.5700	1.4000	2.3900
2016-01-01	1.2100	2.4900	1.2600	2.4700
2016-02-01	1.0100	1.9300	1.3700	2.2300
2016-03-01	1.1100	1.5300	1.2000	1.6100
2016-04-01	0.4500	0.7000	0.7500	0.9800
2016-05-01	0.4400	-0.0300	0.5600	0.2700
2016-06-01	0.3700	-0.0200	0.4100	0.0200
2016-07-01	0.3900	-0.4700	0.1500	-0.4200
2016-08-01	0.4000	-0.4300	-0.0100	-0.4900
2016-09-01	0.5900	-0.1000	-0.1600	-0.4300
2016-10-01	0.4800	-0.4800	-0.4000	-0.7000
2016-11-01	0.2600	-0.5100	-0.4100	-0.6400
2016-12-01	0.4200	-0.2800	-0.0600	-0.3300
2017-01-01	1.0700	-0.0300	-0.0700	-0.2600
2017-02-01	1.1400	0.5300	-0.0900	0.1000
2017-03-01	1.8300	0.5000	-0.0600	0.2100
2017-04-01	0.7700	0.5600	0.1100	0.3600
2017-05-01	0.3500	0.3800	0.1900	0.4200
2017-06-01	-0.0300	0.0700	0.4400	0.3900
2017-07-01	-0.3200	0.1500	0.2300	0.2800
2017-08-01	-0.2800	0.0200	0.0900	-0.0600
2017-09-01	-0.7100	-0.5100	-0.0900	-0.3200
2017-10-01	-1.0700	-0.3900	-0.1300	-0.3700
2017-11-01	-1.1200	-0.9500	-0.3500	-0.9100
2017-12-01	-1.2200	-1.1400	-0.3900	-0.9300
2018-01-01	-0.7400	-1.0900	-0.2000	-0.7000
2018-02-01	-0.4900	-0.7900	-0.2600	-0.6700
2018-03-01	-0.7500	-0.7300	-0.1800	-0.7300
2018-04-01	-0.8400	-0.4900	0.0500	-0.4900
2018-05-01	-0.5400	-0.1500	0.1300	-0.1100
2018-06-01	-0.6900	0.1800	0.2400	0.1500
2018-07-01	-0.2900	0.2700	0.2200	0.2200
2018-08-01	-0.1800	0.1400	0.4700	0.2800
2018-09-01	0.0200	0.2800	0.4600	0.3300
2018-10-01	0.2700	0.7600	0.8800	0.8600
2018-11-01	0.7800	0.9200	0.7900	0.8600
2018-12-01	0.8400	0.9400	0.9700	0.9000
2019-01-01	0.8000	0.7300	0.8300	0.6700
2019-02-01	0.6700	0.7100	0.8500	0.7100
2019-03-01	0.5000	0.7900	0.8700	0.9700
2019-04-01	0.4700	0.6400	0.6100	0.7200
2019-05-01	0.1500	0.6600	0.6200	0.7500
2019-06-01	-0.0300	0.4200	0.6900	0.6000
2019-07-01	-0.5900	0.0600	0.7300	0.4200
2019-08-01	-0.4700	-0.1100	0.6200	0.1500
2019-09-01	-0.7200	-0.2100	0.5700	-0.0100
2019-10-01	-0.9300	0.1600	0.8400	0.5200
2019-11-01	-0.1300	0.3700	0.7300	0.4600
2019-12-01	0.2700	0.2900	0.8500	0.4400
2020-01-01	-0.0300	0.2200	0.9400	0.5200
2020-02-01	0.1400	0.1000	0.8800	0.3500
2020-03-01	0.4400	0.1700	0.7300	0.4600
2020-04-01	0.2800	0.3900	0.5300	0.4100
2020-05-01	-0.2800	-0.1300	0.0400	-0.2100
2020-06-01	-0.8700	-0.5700	0.1500	-0.2700
2020-07-01	-1.0100	-0.4200	0.0500	-0.1400
2020-08-01	-0.6900	-0.4300	-0.3400	-0.5200
2020-09-01	-0.7600	-0.8000	-0.4300	-0.6400
2020-10-01	-0.7600	-0.9000	-0.7100	-1.1300
2020-11-01	-0.6700	-1.0300	-0.7000	-1.2300
2020-12-01	-0.8600	-0.7000	-0.8500	-0.9900
2021-01-01	-0.7400	-0.5100	-1.0000	-0.9000
2021-02-01	-0.5800	-0.7100	-0.8700	-0.8700
2021-03-01	-0.4200	-0.4700	-0.4100	-0.5500
2021-04-01	-1.1300	-0.7600	-0.1800	-0.5700
2021-05-01	-0.8300	-0.4500	-0.0600	-0.3200
2021-06-01	-0.0500	-0.0900	0.0400	-0.0400
2021-07-01	0.2500	-0.1000	-0.1300	-0.1900
2021-08-01	-0.0100	-0.2000	-0.0700	-0.2800
2021-09-01	0.1800	-0.1700	-0.4200	-0.2700
2021-10-01	-0.2900	-0.5600	-0.5700	-0.7700
2021-11-01	-0.8100	-0.7700	-0.6800	-0.8500
2021-12-01	-1.5300	-1.2100	-0.7600	-1.0500
2022-01-01	-0.7000	-1.1700	-0.2200	-0.8300
2022-02-01	-1.4300	-1.0600	-0.2300	-0.7100
2022-03-01	-0.6600	-0.7000	-0.6500	-0.8900
2022-04-01	-1.4200	-0.8900	-0.7200	-0.9500
2022-05-01	-1.4200	-0.9200	-0.8600	-1.0500
2022-06-01	-1.4100	-0.6200	-0.5700	-0.6800
2022-07-01	-1.1600	-0.3600	-0.8800	-0.6200
2022-08-01	-0.5700	-0.5300	-0.9300	-0.9800
2022-09-01	-1.1200	-0.8000	-1.0100	-0.9300
2022-10-01	-1.8100	-0.9200	-1.0800	-0.8500
2022-11-01	-1.3600	-0.8900	-0.9000	-0.9300
2022-12-01	-0.3000	-0.7800	-0.7300	-0.8400
2023-01-01	-0.2400	-0.5000	-0.6000	-0.6900
2023-02-01	0.7100	-0.1300	-0.5200	-0.4400
2023-03-01	1.5200	0.3600	-0.1400	-0.0100
2023-04-01	2.4500	0.4400	0.3000	0.1900
2023-05-01	2.0200	0.9000	0.3300	0.4700
2023-06-01	2.6300	1.2100	0.6400	0.8800
2023-07-01	3.2100	1.5900	0.7100	1.0700
2023-08-01	3.3000	1.9600	0.9500	1.3000
2023-09-01	2.8200	2.0700	1.1000	1.5300
2023-10-01	2.4600	2.0000	1.2400	1.5900
2023-11-01	2.2200	2.0800	1.4400	1.9000
