	so2	sun	vol	luc	co2	ch4	n2o	c11	c12	oth
1760	nan	-0.07826	-0.02400	-0.00400	-0.24604	-0.07391	-0.00429	nan	nan	nan
1761	nan	0.01029	-0.43720	-0.00400	-0.24598	-0.07329	-0.00395	nan	nan	nan
1762	nan	0.03410	-0.12000	-0.00500	-0.24591	-0.07261	-0.00361	nan	nan	nan
1763	nan	0.02221	-0.03720	-0.00500	-0.24585	-0.07187	-0.00361	nan	nan	nan
1764	nan	0.00712	-0.00840	-0.00600	-0.24579	-0.07100	-0.00395	nan	nan	nan
1765	nan	-0.02197	-0.00120	-0.00600	-0.23585	-0.07001	-0.00395	nan	nan	nan
1766	nan	-0.01751	0.00000	-0.00600	-0.25028	-0.06909	-0.00429	nan	nan	nan
1767	nan	-0.00284	0.00000	-0.00700	-0.24742	-0.06804	-0.00463	nan	nan	nan
1768	nan	0.05470	0.00000	-0.00700	-0.25093	-0.06706	-0.00496	nan	nan	nan
1769	nan	0.09968	0.00000	-0.00800	-0.25118	-0.06613	-0.00530	nan	nan	nan
1770	nan	0.11558	0.00000	-0.00800	-0.25143	-0.06521	-0.00564	nan	nan	nan
1771	nan	0.10229	0.00000	-0.00800	-0.25168	-0.06442	-0.00598	nan	nan	nan
1772	nan	0.09206	-0.02800	-0.00900	-0.25193	-0.06368	-0.00632	nan	nan	nan
1773	nan	0.05288	-0.00800	-0.00900	-0.25217	-0.06313	-0.00700	nan	nan	nan
1774	nan	0.02820	-0.00200	-0.01000	-0.25242	-0.06270	-0.00734	nan	nan	nan
1775	nan	-0.00865	-0.00040	-0.01000	-0.25267	-0.06246	-0.00768	nan	nan	nan
1776	nan	-0.01276	0.00000	-0.01000	-0.25292	-0.06239	-0.00835	nan	nan	nan
1777	nan	-0.00077	0.00000	-0.01100	-0.25317	-0.06246	-0.00869	nan	nan	nan
1778	nan	0.04335	-0.02680	-0.01100	-0.25343	-0.06258	-0.00903	nan	nan	nan
1779	nan	0.00188	-0.02840	-0.01200	-0.25676	-0.06270	-0.00971	nan	nan	nan
1780	nan	-0.01794	-0.00720	-0.01200	-0.23521	-0.06270	-0.01005	nan	nan	nan
1781	nan	-0.00279	-0.00160	-0.01200	-0.22911	-0.06264	-0.01039	nan	nan	nan
1782	nan	0.01335	-0.00040	-0.01300	-0.22662	-0.06239	-0.01073	nan	nan	nan
1783	nan	-0.01477	-3.14280	-0.01300	-0.22251	-0.06215	-0.01107	nan	nan	nan
1784	nan	-0.01371	-0.20880	-0.01400	-0.21840	-0.06184	-0.01141	nan	nan	nan
1785	nan	-0.00153	-0.04840	-0.01400	-0.21295	-0.06172	-0.01175	nan	nan	nan
1786	nan	0.03276	-0.01080	-0.01400	-0.20858	-0.06172	-0.01209	nan	nan	nan
1787	nan	0.05111	-0.00080	-0.01500	-0.20421	-0.06184	-0.01209	nan	nan	nan
1788	nan	0.08405	-0.05320	-0.01500	-0.19985	-0.06209	-0.01209	nan	nan	nan
1789	nan	0.02855	-0.01640	-0.01600	-0.20293	-0.06233	-0.01209	nan	nan	nan
1790	nan	-0.03080	-0.00360	-0.01600	-0.19723	-0.06264	-0.01209	nan	nan	nan
1791	nan	-0.03712	-0.00040	-0.01600	-0.19153	-0.06288	-0.01209	nan	nan	nan
1792	nan	-0.03474	0.00000	-0.01700	-0.18585	-0.06301	-0.01209	nan	nan	nan
1793	nan	-0.03885	0.00000	-0.01700	-0.18016	-0.06307	-0.01175	nan	nan	nan
1794	nan	-0.03914	-0.06280	-0.01800	-0.17449	-0.06288	-0.01141	nan	nan	nan
1795	nan	-0.00371	0.00000	-0.01800	-0.17502	-0.06258	-0.01107	nan	nan	nan
1796	nan	-0.01096	-0.31240	-0.01800	-0.16122	-0.06197	-0.01073	nan	nan	nan
1797	nan	-0.01915	-0.02840	-0.01900	-0.15715	-0.06117	-0.01005	nan	nan	nan
1798	nan	-0.02200	-0.00640	-0.01900	-0.15309	-0.06001	-0.00971	nan	nan	nan
1799	nan	-0.02640	-0.00080	-0.02000	-0.15198	-0.05879	-0.00971	nan	nan	nan
1800	nan	-0.04805	0.00000	-0.02000	-0.14900	-0.05758	-0.00937	nan	nan	nan
1801	nan	-0.01383	-0.06160	-0.02000	-0.14601	-0.05642	-0.00971	nan	nan	nan
1802	nan	-0.00201	-0.01920	-0.02100	-0.14303	-0.05551	-0.00971	nan	nan	nan
1803	nan	-0.02758	-0.00440	-0.02100	-0.14005	-0.05472	-0.01005	nan	nan	nan
1804	nan	-0.02904	-0.09200	-0.02200	-0.13707	-0.05412	-0.01073	nan	nan	nan
1805	nan	-0.04256	-0.02800	-0.02200	-0.13409	-0.05357	-0.01107	nan	nan	nan
1806	nan	-0.03073	-0.00640	-0.02200	-0.13112	-0.05321	-0.01175	nan	nan	nan
1807	nan	-0.05326	-0.00080	-0.02300	-0.12814	-0.05285	-0.01209	nan	nan	nan
1808	nan	-0.06306	0.00000	-0.02300	-0.12517	-0.05260	-0.01277	nan	nan	nan
1809	nan	-0.05997	-2.77880	-0.02400	-0.12220	-0.05248	-0.01311	nan	nan	nan
1810	nan	-0.06111	-0.90160	-0.02400	-0.14870	-0.05230	-0.01345	nan	nan	nan
1811	nan	-0.06305	-0.33440	-0.02400	-0.14922	-0.05224	-0.01379	nan	nan	nan
1812	nan	-0.06347	-0.12320	-0.02500	-0.12722	-0.05212	-0.01379	nan	nan	nan
1813	nan	-0.05886	-0.04360	-0.02500	-0.12655	-0.05200	-0.01379	nan	nan	nan
1814	nan	-0.05659	0.00000	-0.02600	-0.12588	-0.05194	-0.01345	nan	nan	nan
1815	nan	-0.05148	-4.65160	-0.02600	-0.11736	-0.05176	-0.01311	nan	nan	nan
1816	nan	-0.04229	-1.82120	-0.02600	-0.11764	-0.05152	-0.01243	nan	nan	nan
1817	nan	-0.03779	-0.96760	-0.02700	-0.11791	-0.05127	-0.01141	nan	nan	nan
1818	nan	-0.03710	-0.36600	-0.02700	-0.11900	-0.05091	-0.01039	nan	nan	nan
1819	nan	-0.04440	-0.13480	-0.02800	-0.11820	-0.05043	-0.00971	nan	nan	nan
1820	nan	-0.04451	-0.01560	-0.02800	-0.11777	-0.04977	-0.00835	nan	nan	nan
1821	nan	-0.04916	0.00000	-0.02800	-0.11734	-0.04898	-0.00734	nan	nan	nan
1822	nan	-0.05000	0.00000	-0.02900	-0.11696	-0.04808	-0.00666	nan	nan	nan
1823	nan	-0.05219	0.00000	-0.02900	-0.11663	-0.04700	-0.00564	nan	nan	nan
1824	nan	-0.04494	0.00000	-0.03000	-0.11630	-0.04586	-0.00496	nan	nan	nan
1825	nan	-0.03313	0.00000	-0.03000	-0.11597	-0.04472	-0.00429	nan	nan	nan
1826	nan	-0.02789	0.00000	-0.03000	-0.11637	-0.04364	-0.00395	nan	nan	nan
1827	nan	0.00279	0.00000	-0.03100	-0.11634	-0.04262	-0.00395	nan	nan	nan
1828	nan	0.01989	0.00000	-0.03100	-0.11631	-0.04185	-0.00429	nan	nan	nan
1829	nan	0.01067	0.00000	-0.03200	-0.11896	-0.04119	-0.00463	nan	nan	nan
1830	nan	0.02045	0.00000	-0.03200	-0.11997	-0.04065	-0.00564	nan	nan	nan
1831	nan	0.01988	-0.61520	-0.03200	-0.12081	-0.04024	-0.00700	nan	nan	nan
1832	nan	-0.00364	-0.49160	-0.03300	-0.12148	-0.03988	-0.00869	nan	nan	nan
1833	nan	-0.02251	-0.24200	-0.03300	-0.12120	-0.03946	-0.01107	nan	nan	nan
1834	nan	-0.02506	-0.08920	-0.03400	-0.12088	-0.03893	-0.01413	nan	nan	nan
1835	nan	-0.01503	-1.97400	-0.03400	-0.12057	-0.03821	-0.01686	nan	nan	nan
1836	nan	0.03844	-0.57800	-0.03400	-0.11797	-0.03744	-0.01925	nan	nan	nan
1837	nan	0.07920	-0.20920	-0.03500	-0.11636	-0.03661	-0.02027	nan	nan	nan
1838	nan	0.07747	-0.07680	-0.03500	-0.11491	-0.03578	-0.02061	nan	nan	nan
1839	nan	0.04932	-0.02760	-0.03600	-0.11154	-0.03489	-0.02027	nan	nan	nan
1840	nan	0.04919	-0.01880	-0.03600	-0.10587	-0.03400	-0.01959	nan	nan	nan
1841	nan	0.02553	-0.00520	-0.03600	-0.10452	-0.03305	-0.01890	nan	nan	nan
1842	nan	0.01129	-0.00120	-0.03700	-0.11052	-0.03205	-0.01822	nan	nan	nan
1843	nan	0.00135	-0.02080	-0.03700	-0.10884	-0.03093	-0.01754	nan	nan	nan
1844	nan	-0.00981	-0.00560	-0.03800	-0.10674	-0.02981	-0.01720	nan	nan	nan
1845	nan	-0.00838	-0.00120	-0.03800	-0.10487	-0.02869	-0.01720	nan	nan	nan
1846	nan	-0.00686	-0.02840	-0.03800	-0.10301	-0.02763	-0.01686	nan	nan	nan
1847	nan	-0.04171	-0.00800	-0.03900	-0.10031	-0.02663	-0.01686	nan	nan	nan
1848	nan	0.00336	-0.00200	-0.03900	-0.10183	-0.02558	-0.01686	nan	nan	nan
1849	nan	0.06116	-0.00040	-0.04000	-0.10084	-0.02441	-0.01686	nan	nan	nan
1850	nan	0.04812	-0.04000	-0.04000	-0.09854	-0.02347	-0.01686	nan	nan	nan
1851	nan	0.03712	-0.03000	-0.04000	-0.09608	-0.02318	-0.01686	nan	nan	nan
1852	nan	0.03963	-0.01000	-0.04100	-0.09674	-0.02335	-0.01686	nan	nan	nan
1853	nan	0.02710	-0.01000	-0.04100	-0.09360	-0.02376	-0.01686	nan	nan	nan
1854	nan	0.00908	0.00000	-0.04100	-0.08911	-0.02417	-0.01652	nan	nan	nan
1855	nan	-0.01326	-0.02000	-0.04200	-0.08618	-0.02446	-0.01618	nan	nan	nan
1856	nan	-0.02384	-0.39000	-0.04200	-0.08483	-0.02458	-0.01549	nan	nan	nan
1857	nan	-0.02207	-0.60000	-0.04200	-0.08221	-0.02435	-0.01481	nan	nan	nan
1858	nan	-0.00163	-0.29000	-0.04300	-0.08099	-0.02388	-0.01413	nan	nan	nan
1859	nan	0.01482	-0.11000	-0.04300	-0.07316	-0.02306	-0.01311	nan	nan	nan
1860	-0.00958	0.04865	-0.05000	-0.04300	-0.06842	-0.02207	-0.01243	nan	nan	nan
1861	-0.00986	0.05927	-0.03000	-0.04400	-0.06480	-0.02090	-0.01175	nan	nan	nan
1862	-0.01014	0.03067	-0.14000	-0.04400	-0.06204	-0.01956	-0.01141	nan	nan	nan
1863	-0.01041	0.02119	-0.10000	-0.04400	-0.06150	-0.01816	-0.01107	nan	nan	nan
1864	-0.01069	0.00199	-0.05000	-0.04500	-0.05918	-0.01665	-0.01073	nan	nan	nan
1865	-0.01097	-0.00429	-0.02000	-0.04500	-0.05849	-0.01520	-0.01039	nan	nan	nan
1866	-0.01124	-0.00827	-0.01000	-0.04500	-0.05801	-0.01399	-0.01005	nan	nan	nan
1867	-0.01152	-0.02271	0.00000	-0.04600	-0.05580	-0.01289	-0.00971	nan	nan	nan
1868	-0.01180	-0.02123	0.00000	-0.04600	-0.04934	-0.01185	-0.00937	nan	nan	nan
1869	-0.01208	0.00411	-0.01000	-0.04600	-0.04996	-0.01075	-0.00869	nan	nan	nan
1870	-0.01236	0.00206	-0.01000	-0.04700	-0.04869	-0.00966	-0.00802	nan	nan	nan
1871	-0.01263	0.04162	-0.01000	-0.04700	-0.04748	-0.00839	-0.00700	nan	nan	nan
1872	-0.01291	0.03262	-0.01000	-0.04700	-0.04179	-0.00707	-0.00598	nan	nan	nan
1873	-0.01319	0.03501	-0.03000	-0.04800	-0.03506	-0.00575	-0.00463	nan	nan	nan
1874	-0.01346	0.01854	-0.02000	-0.04800	-0.03256	-0.00449	-0.00361	nan	nan	nan
1875	-0.01374	-0.00415	-0.01000	-0.04900	-0.02882	-0.00335	-0.00226	nan	nan	nan
1876	-0.01402	-0.01528	-0.06000	-0.04900	-0.02515	-0.00238	-0.00124	nan	nan	nan
1877	-0.01430	-0.02257	-0.05000	-0.04900	-0.02243	-0.00146	-0.00023	nan	nan	nan
1878	-0.01465	-0.03029	-0.03000	-0.05000	-0.01320	-0.00067	0.00045	nan	nan	nan
1879	-0.01531	-0.03445	-0.02000	-0.05000	-0.00730	0.00025	0.00112	nan	nan	nan
1880	-0.01597	-0.02562	-0.01000	-0.05000	-0.00322	0.00116	0.00146	nan	nan	nan
1881	-0.01653	0.00773	-0.01000	-0.05100	0.00165	0.00218	0.00214	nan	nan	nan
1882	-0.01705	-0.00015	-0.01000	-0.05100	0.00807	0.00326	0.00281	nan	nan	nan
1883	-0.01757	-0.01438	-0.47000	-0.05200	0.01184	0.00434	0.00348	nan	nan	nan
1884	-0.01810	0.03276	-1.43000	-0.05200	0.01532	0.00541	0.00483	nan	nan	nan
1885	-0.01862	0.01652	-0.63000	-0.05300	0.01936	0.00643	0.00618	nan	nan	nan
1886	-0.01914	0.00173	-0.36000	-0.05300	0.02439	0.00728	0.00719	nan	nan	nan
1887	-0.01966	-0.02165	-0.37000	-0.05300	0.02937	0.00790	0.00854	nan	nan	nan
1888	-0.02018	-0.02547	-0.22000	-0.05400	0.03620	0.00847	0.00921	nan	nan	nan
1889	-0.02070	-0.03022	-0.29000	-0.05400	0.03592	0.00909	0.00954	nan	nan	nan
1890	-0.02122	-0.02944	-0.39000	-0.05500	0.04169	0.00976	0.00988	nan	nan	nan
1891	-0.02174	-0.01079	-0.30000	-0.05500	0.04939	0.01050	0.00988	nan	nan	nan
1892	-0.02226	0.03073	-0.22000	-0.05600	0.05416	0.01134	0.00954	nan	nan	nan
1893	-0.02298	0.05220	-0.09000	-0.05600	0.06070	0.01230	0.00921	nan	nan	nan
1894	-0.02434	0.09616	-0.04000	-0.05700	0.06900	0.01353	0.00887	nan	nan	nan
1895	-0.02572	0.07358	-0.01000	-0.05700	0.07531	0.01488	0.00820	nan	nan	nan
1896	-0.02708	0.03600	-0.18000	-0.05800	0.08035	0.01622	0.00719	nan	nan	nan
1897	-0.02846	0.01478	-0.17000	-0.05800	0.08474	0.01762	0.00652	nan	nan	nan
1898	-0.02985	0.00323	-0.12000	-0.05900	0.08974	0.01924	0.00584	nan	nan	nan
1899	-0.03127	-0.00560	-0.05000	-0.05900	0.09643	0.02097	0.00584	nan	nan	nan
1900	-0.03277	-0.01630	-0.02000	-0.06000	0.10364	0.02280	0.00618	nan	nan	nan
1901	-0.03462	-0.03269	-0.01000	-0.06100	0.11288	0.02469	0.00685	nan	nan	nan
1902	-0.03647	-0.03598	-0.20000	-0.06100	0.11835	0.02674	0.00820	nan	nan	nan
1903	-0.03832	-0.02331	-0.72000	-0.06200	0.12389	0.02901	0.00988	nan	nan	nan
1904	-0.04017	0.02005	-0.32000	-0.06200	0.13163	0.03143	0.01156	nan	nan	nan
1905	-0.04202	0.00697	-0.13000	-0.06300	0.13845	0.03412	0.01324	nan	nan	nan
1906	-0.04389	0.04001	-0.07000	-0.06300	0.14442	0.03703	0.01424	nan	nan	nan
1907	-0.04852	0.02351	-0.09000	-0.06400	0.15038	0.04009	0.01558	nan	nan	nan
1908	-0.05050	0.03535	-0.10000	-0.06400	0.15576	0.04330	0.01625	nan	nan	nan
1909	-0.05235	0.01478	-0.04000	-0.06500	0.16035	0.04629	0.01726	nan	nan	nan
1910	-0.05428	0.00828	-0.03000	-0.06500	0.16698	0.04883	0.01826	nan	nan	nan
1911	-0.05642	-0.02232	-0.02000	-0.06600	0.17357	0.05056	0.01926	nan	nan	nan
1912	-0.05860	-0.03357	-0.19000	-0.06600	0.18038	0.05185	0.02027	nan	nan	nan
1913	-0.06322	-0.03155	-0.24000	-0.06700	0.18868	0.05293	0.02160	nan	nan	nan
1914	-0.05698	-0.01956	-0.10000	-0.06800	0.19186	0.05427	0.02294	nan	nan	nan
1915	-0.05814	0.03211	-0.04000	-0.06800	0.19790	0.05605	0.02460	nan	nan	nan
1916	-0.06348	0.08723	-0.03000	-0.06900	0.20492	0.05846	0.02627	nan	nan	nan
1917	-0.06667	0.10972	-0.02000	-0.06900	0.21201	0.06156	0.02827	nan	nan	nan
1918	-0.06359	0.14540	-0.02000	-0.07000	0.21821	0.06512	0.03026	nan	nan	nan
1919	-0.05416	0.09993	-0.02000	-0.07100	0.22597	0.06894	0.03192	nan	nan	nan
1920	-0.05933	0.05752	-0.09000	-0.07100	0.23213	0.07274	0.03292	nan	nan	nan
1921	-0.05060	0.02696	-0.08000	-0.07200	0.23567	0.07632	0.03325	nan	nan	nan
1922	-0.05786	0.00221	-0.03000	-0.07300	0.24122	0.07973	0.03292	nan	nan	nan
1923	-0.06433	-0.01277	-0.01000	-0.07300	0.24939	0.08287	0.03225	nan	nan	nan
1924	-0.07188	-0.01525	-0.03000	-0.07400	0.25415	0.08579	0.03093	nan	nan	nan
1925	-0.07552	-0.00830	-0.03000	-0.07500	0.26199	0.08849	0.02960	nan	nan	nan
1926	-0.07734	0.04701	-0.02000	-0.07600	0.26923	0.09092	0.02860	nan	nan	nan
1927	-0.08635	0.08324	-0.02000	-0.07600	0.27867	0.09335	0.02860	nan	nan	nan
1928	-0.09123	0.05590	-0.05000	-0.07700	0.28465	0.09578	0.02960	nan	nan	nan
1929	-0.09651	0.04878	-0.10000	-0.07800	0.29114	0.09830	0.03093	nan	nan	nan
1930	-0.09372	0.06469	-0.06000	-0.07900	0.29718	0.10076	0.03225	nan	nan	nan
1931	-0.08386	0.02532	-0.05000	-0.08000	0.30319	0.10317	0.03358	0.00000	0.00000	0.00000
1932	-0.07399	-0.00421	-0.08000	-0.08100	0.30883	0.10557	0.03491	0.00000	0.00000	0.00000
1933	-0.07822	-0.01502	-0.07000	-0.08100	0.31366	0.10801	0.03590	0.00000	0.00000	0.00000
1934	-0.08706	-0.01501	-0.04000	-0.08200	0.31774	0.11071	0.03723	0.00000	0.00000	0.00000
1935	-0.09591	0.00578	-0.04000	-0.08300	0.32460	0.11359	0.03822	0.00000	0.00000	0.00000
1936	-0.10476	0.09428	-0.03000	-0.08400	0.32986	0.11653	0.03855	0.00000	0.00002	0.00001
1937	-0.11389	0.11364	-0.03000	-0.08500	0.33531	0.11940	0.03822	0.00000	0.00003	0.00001
1938	-0.10998	0.11034	-0.05000	-0.08600	0.34009	0.12206	0.03855	0.00000	0.00005	0.00002
1939	-0.11672	0.12005	-0.04000	-0.08700	0.34407	0.12457	0.03987	0.00000	0.00008	0.00003
1940	-0.12682	0.09377	-0.03000	-0.08800	0.34953	0.12687	0.04120	0.00000	0.00011	0.00004
1941	-0.13083	0.07373	-0.02000	-0.08900	0.35468	0.12891	0.04252	0.00000	0.00014	0.00005
1942	-0.13355	0.04540	-0.04000	-0.09000	0.35991	0.13071	0.04318	0.00000	0.00019	0.00006
1943	-0.13627	0.01178	-0.04000	-0.09200	0.36475	0.13220	0.04285	0.00000	0.00025	0.00009
1944	-0.12490	0.00144	-0.02000	-0.09300	0.37129	0.13344	0.04219	0.00000	0.00033	0.00011
1945	-0.11061	0.03365	-0.02000	-0.09400	0.37546	0.13473	0.04186	0.00001	0.00046	0.00015
1946	-0.10914	0.04263	-0.02000	-0.09500	0.38074	0.13641	0.04153	0.00003	0.00063	0.00021
1947	-0.12091	0.12887	-0.02000	-0.09600	0.38556	0.13849	0.04186	0.00003	0.00092	0.00031
1948	-0.13196	0.17207	-0.02000	-0.09700	0.39350	0.14101	0.04186	0.00004	0.00130	0.00044
1949	-0.13364	0.15885	-0.03000	-0.09900	0.39985	0.14391	0.04186	0.00008	0.00171	0.00058
1950	-0.14598	0.13534	-0.03000	-0.10000	0.40502	0.14715	0.04120	0.00014	0.00215	0.00073
1951	-0.15831	0.05835	-0.02000	-0.10200	0.41350	0.15076	0.04087	0.00021	0.00263	0.00089
1952	-0.16371	0.06430	-0.04000	-0.10300	0.42128	0.15486	0.04120	0.00031	0.00316	0.00107
1953	-0.16586	0.03889	-0.03000	-0.10500	0.42539	0.15932	0.04219	0.00047	0.00372	0.00125
1954	-0.16754	0.01645	-0.04000	-0.10600	0.43370	0.16425	0.04450	0.00065	0.00437	0.00147
1955	-0.18128	0.03365	-0.02000	-0.10800	0.44003	0.16958	0.04746	0.00089	0.00508	0.00171
1956	-0.19631	0.09486	-0.01000	-0.10900	0.45100	0.17523	0.05075	0.00117	0.00590	0.00199
1957	-0.21020	0.16606	-0.01000	-0.11100	0.45786	0.18060	0.05338	0.00151	0.00685	0.00231
1958	-0.21201	0.22027	0.00000	-0.11200	0.46715	0.18558	0.05502	0.00184	0.00788	0.00266
1959	-0.22378	0.20125	0.00000	-0.11400	0.47537	0.19062	0.05600	0.00217	0.00899	0.00303
1960	-0.23846	0.18096	-0.05000	-0.11600	0.48536	0.19583	0.05633	0.00253	0.01030	0.00347
1961	-0.28189	0.13179	-0.11000	-0.11700	0.49352	0.20124	0.05666	0.00302	0.01177	0.00397
1962	-0.28717	0.07317	-0.13000	-0.11900	0.50524	0.20682	0.05699	0.00366	0.01348	0.00454
1963	-0.30140	0.05440	-0.46000	-0.12000	0.51699	0.21250	0.05731	0.00443	0.01544	0.00520
1964	-0.31562	0.03582	-0.72000	-0.12200	0.53169	0.21811	0.05764	0.00538	0.01775	0.00598
1965	-0.32478	0.01913	-0.43000	-0.12300	0.54645	0.22356	0.05764	0.00646	0.02038	0.00687
1966	-0.33217	0.02964	-0.23000	-0.12500	0.56202	0.22920	0.05797	0.00768	0.02332	0.00786
1967	-0.33085	0.07536	-0.15000	-0.12600	0.57928	0.23545	0.05895	0.00903	0.02661	0.00897
1968	-0.34228	0.11181	-0.27000	-0.12700	0.59630	0.24243	0.06059	0.01056	0.03032	0.01022
1969	-0.35573	0.10545	-0.34000	-0.12900	0.61254	0.24990	0.06288	0.01235	0.03448	0.01162
1970	-0.37779	0.11601	-0.17000	-0.13000	0.62969	0.25759	0.06581	0.01437	0.03904	0.01315
1971	-0.37471	0.10852	-0.06000	-0.13100	0.64843	0.26518	0.06907	0.01663	0.04399	0.01482
1972	-0.38684	0.09657	-0.04000	-0.13200	0.66629	0.27255	0.07167	0.01913	0.04934	0.01662
1973	-0.40001	0.06567	-0.08000	-0.13400	0.68217	0.27970	0.07395	0.02196	0.05524	0.01861
1974	-0.39592	0.03406	-0.13000	-0.13500	0.70010	0.28650	0.07622	0.02512	0.06165	0.02077
1975	-0.39137	0.01601	-0.30000	-0.13600	0.72119	0.29301	0.07849	0.02833	0.06821	0.02299
1976	-0.40876	0.00742	-0.14000	-0.13700	0.74098	0.29935	0.08108	0.03145	0.07458	0.02513
1977	-0.40646	0.05567	-0.05000	-0.13800	0.76141	0.30554	0.08366	0.03449	0.08064	0.02717
1978	-0.40414	0.12527	-0.08000	-0.13800	0.77913	0.31160	0.08624	0.03726	0.08632	0.02908
1979	-0.40873	0.16404	-0.09000	-0.13900	0.79490	0.31764	0.08818	0.03973	0.09171	0.03100
1980	-0.41378	0.13652	-0.05000	-0.14000	0.82815	0.32437	0.08883	0.04197	0.09661	0.03400
1981	-0.39990	0.13588	-0.05000	-0.14100	0.84706	0.33111	0.09141	0.04400	0.10221	0.03600
1982	-0.39277	0.09628	-0.53000	-0.14100	0.85963	0.33785	0.09528	0.04602	0.10733	0.03800
1983	-0.38608	0.09430	-0.75000	-0.14200	0.88468	0.34080	0.09721	0.04827	0.11290	0.04100
1984	-0.38685	0.02848	-0.30000	-0.14300	0.90962	0.34378	0.10011	0.05038	0.11770	0.04400
1985	-0.38762	0.00875	-0.13000	-0.14300	0.93134	0.34864	0.10204	0.05325	0.12278	0.04700
1986	-0.38612	0.01305	-0.14000	-0.14400	0.95452	0.35367	0.10557	0.05577	0.12886	0.04900
1987	-0.39140	0.01820	-0.10000	-0.14400	0.98067	0.35846	0.10461	0.05847	0.13552	0.05300
1988	-0.39194	0.08286	-0.08000	-0.14500	1.01889	0.36243	0.10653	0.06120	0.14333	0.05700
1989	-0.39110	0.16053	-0.06000	-0.14500	1.04320	0.36680	0.11069	0.06338	0.14941	0.06100
1990	-0.38645	0.14520	-0.06000	-0.14600	1.06137	0.37059	0.11325	0.06488	0.15418	0.06500
1991	-0.38106	0.14631	-0.54000	-0.14600	1.08249	0.37448	0.11516	0.06600	0.15802	0.06900
1992	-0.37288	0.12630	-1.21000	-0.14600	1.09301	0.37847	0.11707	0.06672	0.16211	0.07200
1993	-0.36363	0.05637	-0.49000	-0.14700	1.10352	0.37892	0.11803	0.06703	0.16400	0.07400
1994	-0.35438	0.01040	-0.20000	-0.14700	1.12596	0.38095	0.11962	0.06700	0.16544	0.07600
1995	-0.34517	-0.00322	-0.10000	-0.14700	1.15426	0.38354	0.12057	0.06658	0.16771	0.07700
1996	-0.33871	-0.02686	-0.07000	-0.14800	1.18093	0.38444	0.12312	0.06630	0.16960	0.07800
1997	-0.33794	-0.00489	-0.05000	-0.14800	1.19569	0.38563	0.12566	0.06603	0.17085	0.07900
1998	-0.33674	0.05938	-0.03000	-0.14800	1.23533	0.38978	0.12851	0.06565	0.17174	0.08000
1999	-0.31978	0.10071	-0.02000	-0.14800	1.26597	0.39231	0.13168	0.06527	0.17264	0.08200
2000	-0.32287	0.13786	-0.02000	-0.14900	1.28339	0.39253	0.13484	0.06485	0.17334	0.08300
2001	-0.32391	0.12499	-0.02000	-0.14900	1.30654	0.39179	0.13705	0.06442	0.17360	0.08500
2002	-0.31620	0.12817	-0.02000	-0.14900	1.33534	0.39242	0.13925	0.06395	0.17382	0.08700
2003	-0.32726	0.04841	-0.03000	-0.14900	1.37111	0.39409	0.14146	0.06335	0.17366	0.08900
2004	-0.33882	0.01172	-0.02000	-0.14900	1.39814	0.39406	0.14334	0.06283	0.17354	0.09000
2005	-0.34842	-0.02289	-0.03000	-0.14900	1.42645	0.39290	0.14554	0.06233	0.17328	0.09200
2006	-0.34726	-0.03563	-0.04000	-0.15000	1.45601	0.39316	0.14868	0.06180	0.17280	0.09500
2007	-0.33733	-0.05396	-0.04000	-0.15000	1.48122	0.39558	0.15056	0.06125	0.17206	0.09800
2008	-0.32438	-0.06187	-0.04000	-0.15000	1.51048	0.39777	0.15338	0.06073	0.17133	0.10000
2009	-0.31134	-0.06146	-0.05000	-0.15000	1.53129	0.40013	0.15557	0.06027	0.17053	0.10300
2010	-0.30296	-0.03176	-0.04000	-0.15000	1.56165	0.40209	0.15838	0.05983	0.16941	0.10600
2011	-0.30457	0.01282	-0.05000	-0.15000	1.58774	0.40364	0.16150	0.05930	0.16854	0.10900
2012	-0.30003	0.03053	-0.04000	-0.15000	1.61643	0.40548	0.16430	0.05880	0.16768	0.11200
2013	-0.29615	0.04106	-0.04000	-0.15000	1.65309	0.40736	0.16710	0.05838	0.16662	0.11400
2014	-0.29483	0.04650	-0.04000	-0.15000	1.67873	0.41077	0.17051	0.05803	0.16570	0.11700
2015	-0.29482	0.05516	-0.04000	-0.15000	1.70961	0.41502	0.17392	0.05772	0.16474	0.11900
2016	-0.29482	-0.01284	-0.04000	-0.15000	1.75627	0.41834	0.17639	0.05750	0.16381	0.12200
2017	-0.29482	-0.05044	-0.04000	-0.15000	1.78407	0.42071	0.17917	0.05725	0.16269	0.12400
2018	-0.29482	-0.06135	-0.04000	-0.15000	1.81566	0.42347	0.18257	0.05705	0.16179	0.12700
2019	-0.29482	-0.06882	-0.04000	-0.15000	1.84838	0.42681	0.18565	0.05660	0.16045	0.12900
2020	-0.29482	-0.06152	-0.04000	-0.15000	1.87959	0.43144	0.18934	0.05600	0.15910	0.12900
