Date	Data	Err-	Err+
1850-01-01	-0.6746	0.1536	0.1536
1850-02-01	-0.3334	0.1837	0.1837
1850-03-01	-0.5913	0.1713	0.1713
1850-04-01	-0.5887	0.1548	0.1548
1850-05-01	-0.5082	0.1265	0.1265
1850-06-01	-0.3442	0.1326	0.1326
1850-07-01	-0.1598	0.1187	0.1187
1850-08-01	-0.2077	0.1286	0.1286
1850-09-01	-0.3847	0.1315	0.1315
1850-10-01	-0.5331	0.1248	0.1248
1850-11-01	-0.2825	0.1313	0.1313
1850-12-01	-0.4037	0.1395	0.1395
1851-01-01	-0.2007	0.1559	0.1559
1851-02-01	-0.4693	0.1682	0.1682
1851-03-01	-0.6461	0.1523	0.1523
1851-04-01	-0.5421	0.1449	0.1449
1851-05-01	-0.1976	0.1368	0.1368
1851-06-01	-0.1367	0.1390	0.1390
1851-07-01	-0.0968	0.1195	0.1195
1851-08-01	-0.1018	0.1307	0.1307
1851-09-01	-0.0912	0.1344	0.1344
1851-10-01	-0.0084	0.1308	0.1308
1851-11-01	-0.0819	0.1524	0.1524
1851-12-01	-0.2275	0.1621	0.1621
1852-01-01	-0.3751	0.1543	0.1543
1852-02-01	-0.4767	0.1751	0.1751
1852-03-01	-0.5598	0.1586	0.1586
1852-04-01	-0.5854	0.1415	0.1415
1852-05-01	-0.1274	0.1332	0.1332
1852-06-01	-0.0837	0.1279	0.1279
1852-07-01	0.0050	0.1167	0.1167
1852-08-01	-0.1356	0.1287	0.1287
1852-09-01	-0.0019	0.1293	0.1293
1852-10-01	-0.1724	0.1202	0.1202
1852-11-01	-0.3052	0.1378	0.1378
1852-12-01	0.0654	0.1421	0.1421
1853-01-01	-0.2326	0.1421	0.1421
1853-02-01	-0.4037	0.1485	0.1485
1853-03-01	-0.2804	0.1455	0.1455
1853-04-01	-0.3863	0.1366	0.1366
1853-05-01	-0.2679	0.1198	0.1198
1853-06-01	-0.1424	0.1220	0.1220
1853-07-01	-0.0834	0.1068	0.1068
1853-08-01	-0.0566	0.1156	0.1156
1853-09-01	-0.2503	0.1099	0.1099
1853-10-01	-0.3918	0.1121	0.1121
1853-11-01	-0.4114	0.1333	0.1333
1853-12-01	-0.3374	0.1507	0.1507
1854-01-01	-0.3814	0.1250	0.1250
1854-02-01	-0.3611	0.1414	0.1414
1854-03-01	-0.2427	0.1381	0.1381
1854-04-01	-0.3338	0.1128	0.1128
1854-05-01	-0.2908	0.1021	0.1021
1854-06-01	-0.2990	0.1154	0.1154
1854-07-01	-0.1786	0.1054	0.1054
1854-08-01	-0.2394	0.1065	0.1065
1854-09-01	-0.2167	0.1052	0.1052
1854-10-01	-0.0953	0.0917	0.0917
1854-11-01	-0.4103	0.1349	0.1349
1854-12-01	-0.4504	0.1364	0.1364
1855-01-01	-0.1592	0.1311	0.1311
1855-02-01	-0.3134	0.1418	0.1418
1855-03-01	-0.3440	0.1425	0.1425
1855-04-01	-0.2182	0.1147	0.1147
1855-05-01	-0.3877	0.1065	0.1065
1855-06-01	-0.3330	0.1123	0.1123
1855-07-01	-0.3330	0.0996	0.0996
1855-08-01	-0.1995	0.1052	0.1052
1855-09-01	-0.2707	0.0945	0.0945
1855-10-01	-0.1954	0.1048	0.1048
1855-11-01	-0.3893	0.1304	0.1304
1855-12-01	-0.4199	0.1327	0.1327
1856-01-01	-0.0756	0.1196	0.1196
1856-02-01	-0.3371	0.1346	0.1346
1856-03-01	-0.3577	0.1367	0.1367
1856-04-01	-0.3159	0.1077	0.1077
1856-05-01	-0.2851	0.1037	0.1037
1856-06-01	-0.2142	0.1121	0.1121
1856-07-01	-0.2247	0.0995	0.0995
1856-08-01	-0.2377	0.1100	0.1100
1856-09-01	-0.3882	0.1050	0.1050
1856-10-01	-0.4381	0.1018	0.1018
1856-11-01	-0.5523	0.1275	0.1275
1856-12-01	-0.4175	0.1413	0.1413
1857-01-01	-0.4948	0.1132	0.1132
1857-02-01	-0.4349	0.1327	0.1327
1857-03-01	-0.4786	0.1419	0.1419
1857-04-01	-0.6443	0.1213	0.1213
1857-05-01	-0.6587	0.1049	0.1049
1857-06-01	-0.3041	0.1093	0.1093
1857-07-01	-0.4114	0.1026	0.1026
1857-08-01	-0.3690	0.1118	0.1118
1857-09-01	-0.3797	0.1039	0.1039
1857-10-01	-0.4726	0.1030	0.1030
1857-11-01	-0.6851	0.1318	0.1318
1857-12-01	-0.2735	0.1375	0.1375
1858-01-01	-0.2955	0.1346	0.1346
1858-02-01	-0.4769	0.1427	0.1427
1858-03-01	-0.5477	0.1492	0.1492
1858-04-01	-0.4280	0.1147	0.1147
1858-05-01	-0.5321	0.1080	0.1080
1858-06-01	-0.3795	0.1151	0.1151
1858-07-01	-0.3356	0.1060	0.1060
1858-08-01	-0.2775	0.1079	0.1079
1858-09-01	-0.2832	0.1053	0.1053
1858-10-01	-0.2887	0.1025	0.1025
1858-11-01	-0.3655	0.1363	0.1363
1858-12-01	-0.4550	0.1406	0.1406
1859-01-01	-0.3815	0.1224	0.1224
1859-02-01	-0.3435	0.1302	0.1302
1859-03-01	-0.3137	0.1385	0.1385
1859-04-01	-0.1572	0.1132	0.1132
1859-05-01	-0.1516	0.1028	0.1028
1859-06-01	-0.2496	0.1082	0.1082
1859-07-01	-0.3121	0.0932	0.0932
1859-08-01	-0.2446	0.1092	0.1092
1859-09-01	-0.3939	0.1028	0.1028
1859-10-01	-0.2547	0.1067	0.1067
1859-11-01	-0.2875	0.1286	0.1286
1859-12-01	-0.2844	0.1418	0.1418
1860-01-01	-0.3906	0.1339	0.1339
1860-02-01	-0.4683	0.1580	0.1580
1860-03-01	-0.7865	0.1684	0.1684
1860-04-01	-0.3061	0.1160	0.1160
1860-05-01	-0.3636	0.1079	0.1079
1860-06-01	-0.2115	0.1207	0.1207
1860-07-01	-0.1848	0.1118	0.1118
1860-08-01	-0.1142	0.1323	0.1323
1860-09-01	-0.1313	0.1166	0.1166
1860-10-01	-0.3460	0.1059	0.1059
1860-11-01	-0.6049	0.1201	0.1201
1860-12-01	-0.7742	0.1314	0.1314
1861-01-01	-0.9180	0.1396	0.1396
1861-02-01	-0.6246	0.1832	0.1832
1861-03-01	-0.4157	0.2009	0.2009
1861-04-01	-0.3862	0.1638	0.1638
1861-05-01	-0.6608	0.1581	0.1581
1861-06-01	-0.2520	0.1410	0.1410
1861-07-01	-0.2975	0.1266	0.1266
1861-08-01	-0.0411	0.1262	0.1262
1861-09-01	-0.2703	0.1189	0.1189
1861-10-01	-0.4766	0.0981	0.0981
1861-11-01	-0.4576	0.1229	0.1229
1861-12-01	-0.3509	0.1598	0.1598
1862-01-01	-0.8248	0.1576	0.1576
1862-02-01	-0.7155	0.1864	0.1864
1862-03-01	-0.5354	0.1910	0.1910
1862-04-01	-0.5221	0.1519	0.1519
1862-05-01	-0.3479	0.1468	0.1468
1862-06-01	-0.3066	0.1237	0.1237
1862-07-01	-0.3449	0.1205	0.1205
1862-08-01	-0.4562	0.1336	0.1336
1862-09-01	-0.3624	0.1125	0.1125
1862-10-01	-0.4487	0.1077	0.1077
1862-11-01	-0.6778	0.1281	0.1281
1862-12-01	-0.8945	0.1569	0.1569
1863-01-01	-0.0763	0.1623	0.1623
1863-02-01	-0.2495	0.2073	0.2073
1863-03-01	-0.3550	0.1798	0.1798
1863-04-01	-0.2883	0.1548	0.1548
1863-05-01	-0.3840	0.1415	0.1415
1863-06-01	-0.3691	0.1315	0.1315
1863-07-01	-0.3123	0.1412	0.1412
1863-08-01	-0.2974	0.1389	0.1389
1863-09-01	-0.3520	0.1337	0.1337
1863-10-01	-0.5043	0.1192	0.1192
1863-11-01	-0.4406	0.1244	0.1244
1863-12-01	-0.5032	0.1573	0.1573
1864-01-01	-0.8532	0.1801	0.1801
1864-02-01	-0.5934	0.2170	0.2170
1864-03-01	-0.4994	0.1912	0.1912
1864-04-01	-0.5436	0.1646	0.1646
1864-05-01	-0.3235	0.1542	0.1542
1864-06-01	-0.1125	0.1360	0.1360
1864-07-01	-0.2596	0.1355	0.1355
1864-08-01	-0.3079	0.1360	0.1360
1864-09-01	-0.4425	0.1271	0.1271
1864-10-01	-0.6029	0.1114	0.1114
1864-11-01	-0.4562	0.1265	0.1265
1864-12-01	-0.5903	0.1665	0.1665
1865-01-01	-0.1761	0.1610	0.1610
1865-02-01	-0.4667	0.2297	0.2297
1865-03-01	-0.6612	0.2137	0.2137
1865-04-01	-0.4482	0.1651	0.1651
1865-05-01	-0.3777	0.1504	0.1504
1865-06-01	-0.1959	0.1284	0.1284
1865-07-01	-0.2156	0.1382	0.1382
1865-08-01	-0.2118	0.1328	0.1328
1865-09-01	-0.1709	0.1316	0.1316
1865-10-01	-0.2694	0.1230	0.1230
1865-11-01	-0.3371	0.1298	0.1298
1865-12-01	-0.4606	0.1679	0.1679
1866-01-01	-0.1321	0.1707	0.1707
1866-02-01	-0.4011	0.1887	0.1887
1866-03-01	-0.6822	0.1945	0.1945
1866-04-01	-0.4544	0.1611	0.1611
1866-05-01	-0.5719	0.1538	0.1538
1866-06-01	-0.0985	0.1303	0.1303
1866-07-01	-0.0085	0.1259	0.1259
1866-08-01	-0.2495	0.1251	0.1251
1866-09-01	-0.3778	0.1240	0.1240
1866-10-01	-0.4206	0.1038	0.1038
1866-11-01	-0.2983	0.1154	0.1154
1866-12-01	-0.4004	0.1504	0.1504
1867-01-01	-0.4052	0.1698	0.1698
1867-02-01	-0.3536	0.2135	0.2135
1867-03-01	-0.6812	0.1883	0.1883
1867-04-01	-0.4213	0.1597	0.1597
1867-05-01	-0.5744	0.1585	0.1585
1867-06-01	-0.3502	0.1401	0.1401
1867-07-01	-0.2530	0.1327	0.1327
1867-08-01	-0.3305	0.1397	0.1397
1867-09-01	-0.1479	0.1292	0.1292
1867-10-01	-0.1253	0.1157	0.1157
1867-11-01	-0.1957	0.1204	0.1204
1867-12-01	-0.4454	0.1405	0.1405
1868-01-01	-0.6849	0.1797	0.1797
1868-02-01	-0.6933	0.2154	0.2154
1868-03-01	-0.3347	0.1963	0.1963
1868-04-01	-0.3630	0.1511	0.1511
1868-05-01	-0.2856	0.1511	0.1511
1868-06-01	-0.2976	0.1261	0.1261
1868-07-01	-0.0596	0.1208	0.1208
1868-08-01	-0.1933	0.1318	0.1318
1868-09-01	-0.3448	0.1062	0.1062
1868-10-01	-0.2297	0.0983	0.0983
1868-11-01	-0.4232	0.1230	0.1230
1868-12-01	-0.3140	0.1290	0.1290
1869-01-01	-0.3357	0.1470	0.1470
1869-02-01	0.1313	0.1648	0.1648
1869-03-01	-0.6258	0.1650	0.1650
1869-04-01	-0.4057	0.1499	0.1499
1869-05-01	-0.3100	0.1303	0.1303
1869-06-01	-0.3845	0.1310	0.1310
1869-07-01	-0.4171	0.1230	0.1230
1869-08-01	-0.1679	0.1277	0.1277
1869-09-01	-0.1716	0.1042	0.1042
1869-10-01	-0.2935	0.0844	0.0844
1869-11-01	-0.2818	0.0966	0.0966
1869-12-01	-0.5366	0.1234	0.1234
1870-01-01	-0.2111	0.1124	0.1124
1870-02-01	-0.4544	0.1171	0.1171
1870-03-01	-0.4983	0.1304	0.1304
1870-04-01	-0.3329	0.1151	0.1151
1870-05-01	-0.2977	0.1212	0.1212
1870-06-01	-0.2312	0.1128	0.1128
1870-07-01	-0.0734	0.1071	0.1071
1870-08-01	-0.2582	0.1256	0.1256
1870-09-01	-0.2023	0.1056	0.1056
1870-10-01	-0.4429	0.1056	0.1056
1870-11-01	-0.2658	0.1117	0.1117
1870-12-01	-0.6664	0.1360	0.1360
1871-01-01	-0.5583	0.1337	0.1337
1871-02-01	-0.6716	0.1451	0.1451
1871-03-01	-0.1717	0.1538	0.1538
1871-04-01	-0.2219	0.1164	0.1164
1871-05-01	-0.3622	0.1244	0.1244
1871-06-01	-0.2864	0.1182	0.1182
1871-07-01	-0.0824	0.1110	0.1110
1871-08-01	-0.3224	0.1123	0.1123
1871-09-01	-0.3611	0.1021	0.1021
1871-10-01	-0.3733	0.0920	0.0920
1871-11-01	-0.5227	0.1160	0.1160
1871-12-01	-0.4890	0.1377	0.1377
1872-01-01	-0.5988	0.1273	0.1273
1872-02-01	-0.6199	0.1394	0.1394
1872-03-01	-0.5237	0.1473	0.1473
1872-04-01	-0.3854	0.1284	0.1284
1872-05-01	-0.1415	0.1145	0.1145
1872-06-01	-0.2795	0.1108	0.1108
1872-07-01	-0.1463	0.1055	0.1055
1872-08-01	0.0086	0.1159	0.1159
1872-09-01	-0.1765	0.0990	0.0990
1872-10-01	-0.2035	0.0882	0.0882
1872-11-01	-0.3220	0.0973	0.0973
1872-12-01	-0.5480	0.1191	0.1191
1873-01-01	-0.2617	0.1102	0.1102
1873-02-01	-0.2829	0.1452	0.1452
1873-03-01	-0.4087	0.1214	0.1214
1873-04-01	-0.4806	0.1073	0.1073
1873-05-01	-0.3509	0.1071	0.1071
1873-06-01	-0.3205	0.1074	0.1074
1873-07-01	-0.1757	0.1086	0.1086
1873-08-01	-0.2278	0.1035	0.1035
1873-09-01	-0.4053	0.1015	0.1015
1873-10-01	-0.3906	0.0908	0.0908
1873-11-01	-0.4633	0.1007	0.1007
1873-12-01	-0.3279	0.1351	0.1351
1874-01-01	-0.1985	0.1272	0.1272
1874-02-01	-0.4384	0.1203	0.1203
1874-03-01	-0.6729	0.1282	0.1282
1874-04-01	-0.4370	0.1056	0.1056
1874-05-01	-0.3340	0.1289	0.1289
1874-06-01	-0.5658	0.1163	0.1163
1874-07-01	-0.1671	0.1075	0.1075
1874-08-01	-0.2961	0.1156	0.1156
1874-09-01	-0.1682	0.0958	0.0958
1874-10-01	-0.4712	0.0861	0.0861
1874-11-01	-0.4177	0.1068	0.1068
1874-12-01	-0.3120	0.1274	0.1274
1875-01-01	-0.5711	0.1131	0.1131
1875-02-01	-0.4793	0.1202	0.1202
1875-03-01	-0.5643	0.1144	0.1144
1875-04-01	-0.3581	0.1076	0.1076
1875-05-01	-0.2728	0.1017	0.1017
1875-06-01	-0.2800	0.1081	0.1081
1875-07-01	-0.1821	0.1010	0.1010
1875-08-01	-0.2465	0.1142	0.1142
1875-09-01	-0.2343	0.1036	0.1036
1875-10-01	-0.2332	0.0880	0.0880
1875-11-01	-0.5092	0.1106	0.1106
1875-12-01	-0.5767	0.1160	0.1160
1876-01-01	-0.5137	0.1093	0.1093
1876-02-01	-0.3374	0.1139	0.1139
1876-03-01	-0.3623	0.1376	0.1376
1876-04-01	-0.4243	0.1156	0.1156
1876-05-01	-0.5904	0.1088	0.1088
1876-06-01	-0.3523	0.1117	0.1117
1876-07-01	-0.2137	0.0993	0.0993
1876-08-01	-0.3272	0.1191	0.1191
1876-09-01	-0.4178	0.1111	0.1111
1876-10-01	-0.2998	0.0891	0.0891
1876-11-01	-0.6068	0.1037	0.1037
1876-12-01	-0.6434	0.1258	0.1258
1877-01-01	-0.4111	0.1049	0.1049
1877-02-01	-0.2093	0.1092	0.1092
1877-03-01	-0.0914	0.1110	0.1110
1877-04-01	-0.3459	0.1016	0.1016
1877-05-01	-0.4113	0.1031	0.1031
1877-06-01	-0.1382	0.1085	0.1085
1877-07-01	-0.0163	0.1057	0.1057
1877-08-01	0.2107	0.1111	0.1111
1877-09-01	0.1076	0.0922	0.0922
1877-10-01	0.1133	0.0933	0.0933
1877-11-01	0.0340	0.0948	0.0948
1877-12-01	-0.0556	0.1201	0.1201
1878-01-01	-0.0698	0.0961	0.0961
1878-02-01	0.2294	0.1087	0.1087
1878-03-01	0.3613	0.1215	0.1215
1878-04-01	0.1885	0.0978	0.0978
1878-05-01	-0.1224	0.1050	0.1050
1878-06-01	0.0103	0.1067	0.1067
1878-07-01	-0.0772	0.1015	0.1015
1878-08-01	-0.0466	0.1074	0.1074
1878-09-01	0.0208	0.0918	0.0918
1878-10-01	-0.1650	0.0846	0.0846
1878-11-01	-0.1426	0.1020	0.1020
1878-12-01	-0.3226	0.1142	0.1142
1879-01-01	-0.2378	0.1056	0.1056
1879-02-01	-0.2660	0.1128	0.1128
1879-03-01	-0.2584	0.1146	0.1146
1879-04-01	-0.3824	0.1029	0.1029
1879-05-01	-0.3439	0.0932	0.0932
1879-06-01	-0.2833	0.0964	0.0964
1879-07-01	-0.2641	0.0981	0.0981
1879-08-01	-0.2653	0.1075	0.1075
1879-09-01	-0.2356	0.0929	0.0929
1879-10-01	-0.1591	0.0881	0.0881
1879-11-01	-0.3973	0.1136	0.1136
1879-12-01	-0.5505	0.1313	0.1313
1880-01-01	-0.3939	0.1063	0.1063
1880-02-01	-0.4499	0.1057	0.1057
1880-03-01	-0.1944	0.1229	0.1229
1880-04-01	-0.3380	0.1155	0.1155
1880-05-01	-0.3254	0.0998	0.0998
1880-06-01	-0.3805	0.0967	0.0967
1880-07-01	-0.3148	0.0926	0.0926
1880-08-01	-0.1072	0.1049	0.1049
1880-09-01	-0.2970	0.0926	0.0926
1880-10-01	-0.3909	0.0758	0.0758
1880-11-01	-0.2807	0.1045	0.1045
1880-12-01	-0.3173	0.1311	0.1311
1881-01-01	-0.2146	0.1050	0.1050
1881-02-01	-0.2246	0.1082	0.1082
1881-03-01	-0.2482	0.1136	0.1136
1881-04-01	-0.0625	0.0926	0.0926
1881-05-01	-0.1219	0.0981	0.0981
1881-06-01	-0.3991	0.1036	0.1036
1881-07-01	-0.1940	0.0962	0.0962
1881-08-01	-0.1382	0.1047	0.1047
1881-09-01	-0.3008	0.0902	0.0902
1881-10-01	-0.2305	0.0778	0.0778
1881-11-01	-0.3812	0.0973	0.0973
1881-12-01	-0.2713	0.1101	0.1101
1882-01-01	-0.0254	0.0937	0.0937
1882-02-01	-0.1173	0.0906	0.0906
1882-03-01	-0.1771	0.0977	0.0977
1882-04-01	-0.3147	0.0877	0.0877
1882-05-01	-0.3257	0.0908	0.0908
1882-06-01	-0.3923	0.0966	0.0966
1882-07-01	-0.3410	0.0918	0.0918
1882-08-01	-0.2451	0.1054	0.1054
1882-09-01	-0.1504	0.0913	0.0913
1882-10-01	-0.3991	0.0808	0.0808
1882-11-01	-0.4035	0.0936	0.0936
1882-12-01	-0.6547	0.1140	0.1140
1883-01-01	-0.4728	0.0869	0.0869
1883-02-01	-0.4854	0.0943	0.0943
1883-03-01	-0.2664	0.0894	0.0894
1883-04-01	-0.4390	0.0836	0.0836
1883-05-01	-0.3400	0.0919	0.0919
1883-06-01	-0.1902	0.0951	0.0951
1883-07-01	-0.2186	0.0841	0.0841
1883-08-01	-0.2879	0.0977	0.0977
1883-09-01	-0.3063	0.0811	0.0811
1883-10-01	-0.3401	0.0760	0.0760
1883-11-01	-0.3963	0.0968	0.0968
1883-12-01	-0.4148	0.1088	0.1088
1884-01-01	-0.4436	0.0958	0.0958
1884-02-01	-0.3329	0.0919	0.0919
1884-03-01	-0.5055	0.0973	0.0973
1884-04-01	-0.5090	0.0825	0.0825
1884-05-01	-0.5656	0.0795	0.0795
1884-06-01	-0.5138	0.0900	0.0900
1884-07-01	-0.5659	0.0841	0.0841
1884-08-01	-0.4291	0.0956	0.0956
1884-09-01	-0.5043	0.0808	0.0808
1884-10-01	-0.4633	0.0755	0.0755
1884-11-01	-0.5852	0.0975	0.0975
1884-12-01	-0.4897	0.1116	0.1116
1885-01-01	-0.6561	0.0909	0.0909
1885-02-01	-0.5528	0.0916	0.0916
1885-03-01	-0.4210	0.0873	0.0873
1885-04-01	-0.6350	0.0758	0.0758
1885-05-01	-0.6063	0.0837	0.0837
1885-06-01	-0.6366	0.0931	0.0931
1885-07-01	-0.4205	0.0867	0.0867
1885-08-01	-0.4051	0.0949	0.0949
1885-09-01	-0.3567	0.0834	0.0834
1885-10-01	-0.3615	0.0751	0.0751
1885-11-01	-0.3843	0.0836	0.0836
1885-12-01	-0.2176	0.1075	0.1075
1886-01-01	-0.4797	0.0763	0.0763
1886-02-01	-0.4788	0.0748	0.0748
1886-03-01	-0.4872	0.0718	0.0718
1886-04-01	-0.3616	0.0716	0.0716
1886-05-01	-0.2926	0.0834	0.0834
1886-06-01	-0.5020	0.0872	0.0872
1886-07-01	-0.3022	0.0773	0.0773
1886-08-01	-0.4574	0.0961	0.0961
1886-09-01	-0.3908	0.0774	0.0774
1886-10-01	-0.4130	0.0739	0.0739
1886-11-01	-0.4908	0.0840	0.0840
1886-12-01	-0.3948	0.1053	0.1053
1887-01-01	-0.7438	0.0826	0.0826
1887-02-01	-0.6589	0.0805	0.0805
1887-03-01	-0.4454	0.0801	0.0801
1887-04-01	-0.4828	0.0785	0.0785
1887-05-01	-0.5295	0.0894	0.0894
1887-06-01	-0.5258	0.0958	0.0958
1887-07-01	-0.3889	0.0852	0.0852
1887-08-01	-0.4455	0.0978	0.0978
1887-09-01	-0.3886	0.0832	0.0832
1887-10-01	-0.4446	0.0767	0.0767
1887-11-01	-0.4352	0.0869	0.0869
1887-12-01	-0.4965	0.1043	0.1043
1888-01-01	-0.6185	0.0826	0.0826
1888-02-01	-0.5873	0.0870	0.0870
1888-03-01	-0.5973	0.0909	0.0909
1888-04-01	-0.3519	0.0781	0.0781
1888-05-01	-0.4113	0.0876	0.0876
1888-06-01	-0.3217	0.0900	0.0900
1888-07-01	-0.3386	0.0843	0.0843
1888-08-01	-0.3105	0.0985	0.0985
1888-09-01	-0.3247	0.0829	0.0829
1888-10-01	-0.1664	0.0778	0.0778
1888-11-01	-0.2650	0.0882	0.0882
1888-12-01	-0.2593	0.1078	0.1078
1889-01-01	-0.2967	0.0898	0.0898
1889-02-01	-0.0066	0.0937	0.0937
1889-03-01	-0.0873	0.0967	0.0967
1889-04-01	-0.0868	0.0828	0.0828
1889-05-01	-0.1581	0.0875	0.0875
1889-06-01	-0.2128	0.0966	0.0966
1889-07-01	-0.2809	0.0918	0.0918
1889-08-01	-0.3071	0.0998	0.0998
1889-09-01	-0.3417	0.0851	0.0851
1889-10-01	-0.3700	0.0803	0.0803
1889-11-01	-0.5064	0.0835	0.0835
1889-12-01	-0.3443	0.1037	0.1037
1890-01-01	-0.5339	0.0780	0.0780
1890-02-01	-0.4650	0.0893	0.0893
1890-03-01	-0.6111	0.0921	0.0921
1890-04-01	-0.4941	0.0943	0.0943
1890-05-01	-0.5365	0.0915	0.0915
1890-06-01	-0.4948	0.0976	0.0976
1890-07-01	-0.4891	0.0892	0.0892
1890-08-01	-0.4670	0.1038	0.1038
1890-09-01	-0.4822	0.0868	0.0868
1890-10-01	-0.4392	0.0825	0.0825
1890-11-01	-0.6701	0.0835	0.0835
1890-12-01	-0.3993	0.0983	0.0983
1891-01-01	-0.5802	0.0959	0.0959
1891-02-01	-0.5976	0.1014	0.1014
1891-03-01	-0.3625	0.0959	0.0959
1891-04-01	-0.4481	0.0978	0.0978
1891-05-01	-0.3462	0.0947	0.0947
1891-06-01	-0.3751	0.0981	0.0981
1891-07-01	-0.3997	0.0948	0.0948
1891-08-01	-0.3549	0.1089	0.1089
1891-09-01	-0.2567	0.0965	0.0965
1891-10-01	-0.3430	0.0841	0.0841
1891-11-01	-0.5339	0.0871	0.0871
1891-12-01	-0.2180	0.1056	0.1056
1892-01-01	-0.4648	0.0951	0.0951
1892-02-01	-0.2897	0.0973	0.0973
1892-03-01	-0.5330	0.0956	0.0956
1892-04-01	-0.5456	0.1023	0.1023
1892-05-01	-0.4569	0.0963	0.0963
1892-06-01	-0.4364	0.0982	0.0982
1892-07-01	-0.5868	0.1019	0.1019
1892-08-01	-0.5083	0.1061	0.1061
1892-09-01	-0.3824	0.0916	0.0916
1892-10-01	-0.4338	0.0904	0.0904
1892-11-01	-0.6607	0.0907	0.0907
1892-12-01	-0.7923	0.1040	0.1040
1893-01-01	-1.0449	0.0893	0.0893
1893-02-01	-0.8450	0.0906	0.0906
1893-03-01	-0.4268	0.0975	0.0975
1893-04-01	-0.5148	0.0928	0.0928
1893-05-01	-0.5721	0.0970	0.0970
1893-06-01	-0.4423	0.0997	0.0997
1893-07-01	-0.2438	0.0965	0.0965
1893-08-01	-0.2870	0.1100	0.1100
1893-09-01	-0.3651	0.0925	0.0925
1893-10-01	-0.3043	0.0868	0.0868
1893-11-01	-0.4048	0.0925	0.0925
1893-12-01	-0.4845	0.1086	0.1086
1894-01-01	-0.6276	0.0901	0.0901
1894-02-01	-0.4295	0.0994	0.0994
1894-03-01	-0.5116	0.1004	0.1004
1894-04-01	-0.5375	0.0970	0.0970
1894-05-01	-0.5192	0.1027	0.1027
1894-06-01	-0.5836	0.1039	0.1039
1894-07-01	-0.3921	0.1019	0.1019
1894-08-01	-0.3536	0.1082	0.1082
1894-09-01	-0.4397	0.0957	0.0957
1894-10-01	-0.3990	0.0900	0.0900
1894-11-01	-0.4601	0.0916	0.0916
1894-12-01	-0.5517	0.1038	0.1038
1895-01-01	-0.6360	0.0858	0.0858
1895-02-01	-0.6418	0.0944	0.0944
1895-03-01	-0.6179	0.1015	0.1015
1895-04-01	-0.4611	0.1072	0.1072
1895-05-01	-0.4825	0.0995	0.0995
1895-06-01	-0.4254	0.1011	0.1011
1895-07-01	-0.3349	0.0970	0.0970
1895-08-01	-0.3772	0.1061	0.1061
1895-09-01	-0.3943	0.0898	0.0898
1895-10-01	-0.3257	0.0780	0.0780
1895-11-01	-0.3214	0.0806	0.0806
1895-12-01	-0.3668	0.0981	0.0981
1896-01-01	-0.3152	0.0882	0.0882
1896-02-01	-0.3366	0.0925	0.0925
1896-03-01	-0.5884	0.0921	0.0921
1896-04-01	-0.5460	0.0926	0.0926
1896-05-01	-0.3561	0.1102	0.1102
1896-06-01	-0.2301	0.1022	0.1022
1896-07-01	-0.1824	0.0897	0.0897
1896-08-01	-0.1716	0.1069	0.1069
1896-09-01	-0.1553	0.0943	0.0943
1896-10-01	-0.1179	0.0814	0.0814
1896-11-01	-0.3141	0.0840	0.0840
1896-12-01	-0.0944	0.1047	0.1047
1897-01-01	-0.3001	0.0954	0.0954
1897-02-01	-0.3486	0.0999	0.0999
1897-03-01	-0.4155	0.0987	0.0987
1897-04-01	-0.1176	0.0924	0.0924
1897-05-01	-0.1141	0.0984	0.0984
1897-06-01	-0.1627	0.0998	0.0998
1897-07-01	-0.1870	0.0930	0.0930
1897-08-01	-0.1854	0.1095	0.1095
1897-09-01	-0.1863	0.0881	0.0881
1897-10-01	-0.2123	0.0889	0.0889
1897-11-01	-0.4227	0.0826	0.0826
1897-12-01	-0.4652	0.0933	0.0933
1898-01-01	-0.1992	0.0947	0.0947
1898-02-01	-0.5561	0.0817	0.0817
1898-03-01	-0.8427	0.0831	0.0831
1898-04-01	-0.6630	0.0914	0.0914
1898-05-01	-0.5596	0.0920	0.0920
1898-06-01	-0.3347	0.0941	0.0941
1898-07-01	-0.3948	0.0948	0.0948
1898-08-01	-0.3894	0.1047	0.1047
1898-09-01	-0.3708	0.0889	0.0889
1898-10-01	-0.5010	0.0847	0.0847
1898-11-01	-0.5286	0.0784	0.0784
1898-12-01	-0.4895	0.0907	0.0907
1899-01-01	-0.3598	0.0835	0.0835
1899-02-01	-0.5540	0.0807	0.0807
1899-03-01	-0.5890	0.0793	0.0793
1899-04-01	-0.4393	0.0858	0.0858
1899-05-01	-0.3589	0.0917	0.0917
1899-06-01	-0.5010	0.0971	0.0971
1899-07-01	-0.3655	0.0944	0.0944
1899-08-01	-0.2398	0.1073	0.1073
1899-09-01	-0.1516	0.0887	0.0887
1899-10-01	-0.1831	0.0843	0.0843
1899-11-01	-0.0569	0.0777	0.0777
1899-12-01	-0.4662	0.0917	0.0917
1900-01-01	-0.5065	0.0823	0.0823
1900-02-01	-0.2029	0.0790	0.0790
1900-03-01	-0.1997	0.0830	0.0830
1900-04-01	-0.2241	0.0901	0.0901
1900-05-01	-0.3026	0.0936	0.0936
1900-06-01	-0.2171	0.0990	0.0990
1900-07-01	-0.1909	0.0898	0.0898
1900-08-01	-0.2108	0.1065	0.1065
1900-09-01	-0.1957	0.0925	0.0925
1900-10-01	-0.0648	0.0861	0.0861
1900-11-01	-0.2625	0.0802	0.0802
1900-12-01	-0.2362	0.0913	0.0913
1901-01-01	-0.2806	0.0790	0.0790
1901-02-01	-0.2682	0.0773	0.0773
1901-03-01	-0.2008	0.0801	0.0801
1901-04-01	-0.1753	0.0875	0.0875
1901-05-01	-0.2493	0.0975	0.0975
1901-06-01	-0.2366	0.0985	0.0985
1901-07-01	-0.3289	0.0945	0.0945
1901-08-01	-0.2051	0.1084	0.1084
1901-09-01	-0.3552	0.0903	0.0903
1901-10-01	-0.3407	0.0872	0.0872
1901-11-01	-0.3958	0.0816	0.0816
1901-12-01	-0.4845	0.0867	0.0867
1902-01-01	-0.4396	0.0803	0.0803
1902-02-01	-0.2322	0.0767	0.0767
1902-03-01	-0.4740	0.0788	0.0788
1902-04-01	-0.4305	0.0851	0.0851
1902-05-01	-0.4302	0.1002	0.1002
1902-06-01	-0.4452	0.0976	0.0976
1902-07-01	-0.3892	0.0901	0.0901
1902-08-01	-0.4251	0.1035	0.1035
1902-09-01	-0.3728	0.0917	0.0917
1902-10-01	-0.5005	0.0866	0.0866
1902-11-01	-0.5626	0.0798	0.0798
1902-12-01	-0.5659	0.0883	0.0883
1903-01-01	-0.4344	0.0759	0.0759
1903-02-01	-0.2403	0.0722	0.0722
1903-03-01	-0.3984	0.0729	0.0729
1903-04-01	-0.5880	0.0829	0.0829
1903-05-01	-0.5161	0.0940	0.0940
1903-06-01	-0.5477	0.0915	0.0915
1903-07-01	-0.5052	0.0858	0.0858
1903-08-01	-0.6014	0.1078	0.1078
1903-09-01	-0.5598	0.0884	0.0884
1903-10-01	-0.6648	0.0808	0.0808
1903-11-01	-0.6298	0.0759	0.0759
1903-12-01	-0.7140	0.0826	0.0826
1904-01-01	-0.8066	0.0776	0.0776
1904-02-01	-0.7699	0.0782	0.0782
1904-03-01	-0.6965	0.0762	0.0762
1904-04-01	-0.6468	0.0858	0.0858
1904-05-01	-0.6094	0.0907	0.0907
1904-06-01	-0.5642	0.0938	0.0938
1904-07-01	-0.5530	0.0862	0.0862
1904-08-01	-0.4784	0.1048	0.1048
1904-09-01	-0.5966	0.0924	0.0924
1904-10-01	-0.5530	0.0838	0.0838
1904-11-01	-0.3966	0.0784	0.0784
1904-12-01	-0.4996	0.0888	0.0888
1905-01-01	-0.4634	0.0757	0.0757
1905-02-01	-0.7202	0.0771	0.0771
1905-03-01	-0.5241	0.0734	0.0734
1905-04-01	-0.5590	0.0816	0.0816
1905-05-01	-0.4342	0.0907	0.0907
1905-06-01	-0.3426	0.0933	0.0933
1905-07-01	-0.3731	0.0860	0.0860
1905-08-01	-0.3045	0.1057	0.1057
1905-09-01	-0.3452	0.0860	0.0860
1905-10-01	-0.3351	0.0793	0.0793
1905-11-01	-0.2173	0.0767	0.0767
1905-12-01	-0.2744	0.0893	0.0893
1906-01-01	-0.2967	0.0780	0.0780
1906-02-01	-0.3886	0.0730	0.0730
1906-03-01	-0.2895	0.0766	0.0766
1906-04-01	-0.1040	0.0845	0.0845
1906-05-01	-0.3765	0.0913	0.0913
1906-06-01	-0.2325	0.0936	0.0936
1906-07-01	-0.3430	0.0903	0.0903
1906-08-01	-0.2712	0.1064	0.1064
1906-09-01	-0.3530	0.0895	0.0895
1906-10-01	-0.3223	0.0786	0.0786
1906-11-01	-0.5318	0.0758	0.0758
1906-12-01	-0.3205	0.0847	0.0847
1907-01-01	-0.5293	0.0716	0.0716
1907-02-01	-0.6186	0.0733	0.0733
1907-03-01	-0.4379	0.0733	0.0733
1907-04-01	-0.4780	0.0790	0.0790
1907-05-01	-0.6450	0.0862	0.0862
1907-06-01	-0.5441	0.0922	0.0922
1907-07-01	-0.4251	0.0869	0.0869
1907-08-01	-0.4910	0.1069	0.1069
1907-09-01	-0.3987	0.0839	0.0839
1907-10-01	-0.3359	0.0755	0.0755
1907-11-01	-0.5564	0.0736	0.0736
1907-12-01	-0.5899	0.0915	0.0915
1908-01-01	-0.4665	0.0735	0.0735
1908-02-01	-0.4139	0.0726	0.0726
1908-03-01	-0.7041	0.0727	0.0727
1908-04-01	-0.5884	0.0789	0.0789
1908-05-01	-0.4531	0.0926	0.0926
1908-06-01	-0.4128	0.0965	0.0965
1908-07-01	-0.4010	0.0857	0.0857
1908-08-01	-0.4813	0.1096	0.1096
1908-09-01	-0.3872	0.0860	0.0860
1908-10-01	-0.5747	0.0757	0.0757
1908-11-01	-0.6453	0.0700	0.0700
1908-12-01	-0.6382	0.0811	0.0811
1909-01-01	-0.7629	0.0661	0.0661
1909-02-01	-0.5355	0.0694	0.0694
1909-03-01	-0.6521	0.0700	0.0700
1909-04-01	-0.6328	0.0752	0.0752
1909-05-01	-0.5918	0.0892	0.0892
1909-06-01	-0.5001	0.0934	0.0934
1909-07-01	-0.5238	0.0813	0.0813
1909-08-01	-0.3369	0.1055	0.1055
1909-09-01	-0.4157	0.0831	0.0831
1909-10-01	-0.4945	0.0737	0.0737
1909-11-01	-0.3867	0.0690	0.0690
1909-12-01	-0.5963	0.0769	0.0769
1910-01-01	-0.4328	0.0710	0.0710
1910-02-01	-0.5291	0.0731	0.0731
1910-03-01	-0.6189	0.0764	0.0764
1910-04-01	-0.5349	0.0783	0.0783
1910-05-01	-0.5368	0.0912	0.0912
1910-06-01	-0.5593	0.0940	0.0940
1910-07-01	-0.4348	0.0853	0.0853
1910-08-01	-0.3888	0.1083	0.1083
1910-09-01	-0.4229	0.0873	0.0873
1910-10-01	-0.4848	0.0744	0.0744
1910-11-01	-0.6724	0.0704	0.0704
1910-12-01	-0.7567	0.0794	0.0794
1911-01-01	-0.6680	0.0682	0.0682
1911-02-01	-0.7060	0.0664	0.0664
1911-03-01	-0.7640	0.0670	0.0670
1911-04-01	-0.6436	0.0787	0.0787
1911-05-01	-0.6272	0.0894	0.0894
1911-06-01	-0.5543	0.0944	0.0944
1911-07-01	-0.4926	0.0882	0.0882
1911-08-01	-0.5064	0.1054	0.1054
1911-09-01	-0.4982	0.0913	0.0913
1911-10-01	-0.3451	0.0750	0.0750
1911-11-01	-0.3493	0.0725	0.0725
1911-12-01	-0.3155	0.0803	0.0803
1912-01-01	-0.3294	0.0670	0.0670
1912-02-01	-0.3149	0.0614	0.0614
1912-03-01	-0.5543	0.0656	0.0656
1912-04-01	-0.3379	0.0768	0.0768
1912-05-01	-0.3353	0.0842	0.0842
1912-06-01	-0.2851	0.0894	0.0894
1912-07-01	-0.5073	0.0804	0.0804
1912-08-01	-0.5725	0.1043	0.1043
1912-09-01	-0.6438	0.0824	0.0824
1912-10-01	-0.6791	0.0722	0.0722
1912-11-01	-0.5579	0.0689	0.0689
1912-12-01	-0.5906	0.0770	0.0770
1913-01-01	-0.5636	0.0711	0.0711
1913-02-01	-0.5501	0.0656	0.0656
1913-03-01	-0.6058	0.0675	0.0675
1913-04-01	-0.5340	0.0824	0.0824
1913-05-01	-0.5412	0.0882	0.0882
1913-06-01	-0.5515	0.0937	0.0937
1913-07-01	-0.4770	0.0860	0.0860
1913-08-01	-0.3956	0.1048	0.1048
1913-09-01	-0.4169	0.0831	0.0831
1913-10-01	-0.4384	0.0750	0.0750
1913-11-01	-0.3677	0.0695	0.0695
1913-12-01	-0.1640	0.0784	0.0784
1914-01-01	-0.0785	0.0688	0.0688
1914-02-01	-0.2701	0.0652	0.0652
1914-03-01	-0.3975	0.0674	0.0674
1914-04-01	-0.4089	0.0741	0.0741
1914-05-01	-0.3079	0.0855	0.0855
1914-06-01	-0.3080	0.0915	0.0915
1914-07-01	-0.2970	0.0862	0.0862
1914-08-01	-0.2446	0.1055	0.1055
1914-09-01	-0.3014	0.0931	0.0931
1914-10-01	-0.1103	0.0785	0.0785
1914-11-01	-0.1903	0.0735	0.0735
1914-12-01	-0.2367	0.0790	0.0790
1915-01-01	-0.2875	0.0743	0.0743
1915-02-01	-0.2204	0.0748	0.0748
1915-03-01	-0.1940	0.0785	0.0785
1915-04-01	-0.0826	0.0826	0.0826
1915-05-01	-0.1681	0.0983	0.0983
1915-06-01	-0.1721	0.1002	0.1002
1915-07-01	-0.1690	0.0956	0.0956
1915-08-01	-0.0668	0.1141	0.1141
1915-09-01	-0.1203	0.0901	0.0901
1915-10-01	-0.2861	0.0818	0.0818
1915-11-01	-0.1728	0.0745	0.0745
1915-12-01	-0.3624	0.0735	0.0735
1916-01-01	-0.3379	0.0749	0.0749
1916-02-01	-0.2640	0.0771	0.0771
1916-03-01	-0.4391	0.0748	0.0748
1916-04-01	-0.3752	0.0861	0.0861
1916-05-01	-0.4181	0.1043	0.1043
1916-06-01	-0.4948	0.1065	0.1065
1916-07-01	-0.3849	0.0995	0.0995
1916-08-01	-0.2968	0.1117	0.1117
1916-09-01	-0.3219	0.0930	0.0930
1916-10-01	-0.3744	0.0837	0.0837
1916-11-01	-0.5142	0.0751	0.0751
1916-12-01	-0.8213	0.0774	0.0774
1917-01-01	-0.6892	0.0803	0.0803
1917-02-01	-0.7160	0.0845	0.0845
1917-03-01	-0.7843	0.0801	0.0801
1917-04-01	-0.5461	0.0902	0.0902
1917-05-01	-0.6443	0.1026	0.1026
1917-06-01	-0.4789	0.1097	0.1097
1917-07-01	-0.2453	0.1050	0.1050
1917-08-01	-0.3328	0.1278	0.1278
1917-09-01	-0.2980	0.0961	0.0961
1917-10-01	-0.5356	0.0857	0.0857
1917-11-01	-0.4592	0.0809	0.0809
1917-12-01	-0.7866	0.0903	0.0903
1918-01-01	-0.5180	0.0835	0.0835
1918-02-01	-0.6722	0.0818	0.0818
1918-03-01	-0.5791	0.0862	0.0862
1918-04-01	-0.6235	0.0961	0.0961
1918-05-01	-0.5252	0.1128	0.1128
1918-06-01	-0.3865	0.1119	0.1119
1918-07-01	-0.3696	0.0980	0.0980
1918-08-01	-0.4298	0.1200	0.1200
1918-09-01	-0.2583	0.1027	0.1027
1918-10-01	-0.1189	0.0969	0.0969
1918-11-01	-0.1898	0.0968	0.0968
1918-12-01	-0.4243	0.0926	0.0926
1919-01-01	-0.2513	0.0919	0.0919
1919-02-01	-0.2421	0.0872	0.0872
1919-03-01	-0.3921	0.0966	0.0966
1919-04-01	-0.2114	0.1038	0.1038
1919-05-01	-0.3079	0.1073	0.1073
1919-06-01	-0.3577	0.1039	0.1039
1919-07-01	-0.2999	0.1059	0.1059
1919-08-01	-0.2381	0.1228	0.1228
1919-09-01	-0.2861	0.0983	0.0983
1919-10-01	-0.2588	0.0929	0.0929
1919-11-01	-0.5575	0.0792	0.0792
1919-12-01	-0.5033	0.0866	0.0866
1920-01-01	-0.2586	0.0899	0.0899
1920-02-01	-0.5459	0.0766	0.0766
1920-03-01	-0.1721	0.0859	0.0859
1920-04-01	-0.3366	0.1000	0.1000
1920-05-01	-0.2563	0.1044	0.1044
1920-06-01	-0.2381	0.1100	0.1100
1920-07-01	-0.3005	0.1007	0.1007
1920-08-01	-0.2266	0.1162	0.1162
1920-09-01	-0.1965	0.0975	0.0975
1920-10-01	-0.2178	0.0834	0.0834
1920-11-01	-0.3456	0.0879	0.0879
1920-12-01	-0.4885	0.0819	0.0819
1921-01-01	-0.2176	0.0787	0.0787
1921-02-01	-0.2952	0.0769	0.0769
1921-03-01	-0.3426	0.0792	0.0792
1921-04-01	-0.2910	0.0881	0.0881
1921-05-01	-0.3016	0.0998	0.0998
1921-06-01	-0.1544	0.1057	0.1057
1921-07-01	-0.1554	0.0996	0.0996
1921-08-01	-0.3213	0.1122	0.1122
1921-09-01	-0.2071	0.0937	0.0937
1921-10-01	-0.1344	0.0846	0.0846
1921-11-01	-0.1959	0.0751	0.0751
1921-12-01	-0.2715	0.0763	0.0763
1922-01-01	-0.4191	0.0745	0.0745
1922-02-01	-0.4088	0.0685	0.0685
1922-03-01	-0.3441	0.0751	0.0751
1922-04-01	-0.2911	0.0826	0.0826
1922-05-01	-0.4696	0.0942	0.0942
1922-06-01	-0.2927	0.0939	0.0939
1922-07-01	-0.2591	0.0911	0.0911
1922-08-01	-0.3559	0.1054	0.1054
1922-09-01	-0.3243	0.0862	0.0862
1922-10-01	-0.3451	0.0767	0.0767
1922-11-01	-0.2554	0.0695	0.0695
1922-12-01	-0.3054	0.0727	0.0727
1923-01-01	-0.4037	0.0701	0.0701
1923-02-01	-0.4944	0.0697	0.0697
1923-03-01	-0.4556	0.0699	0.0699
1923-04-01	-0.4104	0.0803	0.0803
1923-05-01	-0.4039	0.0904	0.0904
1923-06-01	-0.2527	0.0940	0.0940
1923-07-01	-0.4196	0.0873	0.0873
1923-08-01	-0.3238	0.1069	0.1069
1923-09-01	-0.3409	0.0877	0.0877
1923-10-01	-0.1765	0.0769	0.0769
1923-11-01	-0.0335	0.0705	0.0705
1923-12-01	-0.1000	0.0716	0.0716
1924-01-01	-0.3271	0.0727	0.0727
1924-02-01	-0.3153	0.0702	0.0702
1924-03-01	-0.1760	0.0697	0.0697
1924-04-01	-0.3425	0.0795	0.0795
1924-05-01	-0.2176	0.0890	0.0890
1924-06-01	-0.2756	0.0949	0.0949
1924-07-01	-0.2939	0.0836	0.0836
1924-08-01	-0.3172	0.1075	0.1075
1924-09-01	-0.3307	0.0889	0.0889
1924-10-01	-0.3659	0.0774	0.0774
1924-11-01	-0.2907	0.0698	0.0698
1924-12-01	-0.4924	0.0709	0.0709
1925-01-01	-0.4916	0.0722	0.0722
1925-02-01	-0.4853	0.0713	0.0713
1925-03-01	-0.3738	0.0709	0.0709
1925-04-01	-0.3069	0.0817	0.0817
1925-05-01	-0.3057	0.0975	0.0975
1925-06-01	-0.3341	0.1013	0.1013
1925-07-01	-0.3309	0.0874	0.0874
1925-08-01	-0.1683	0.1078	0.1078
1925-09-01	-0.2589	0.0929	0.0929
1925-10-01	-0.2885	0.0840	0.0840
1925-11-01	-0.0591	0.0707	0.0707
1925-12-01	0.0140	0.0734	0.0734
1926-01-01	0.0825	0.0726	0.0726
1926-02-01	-0.0350	0.0687	0.0687
1926-03-01	0.0236	0.0697	0.0697
1926-04-01	-0.1580	0.0848	0.0848
1926-05-01	-0.2700	0.0919	0.0919
1926-06-01	-0.1828	0.0953	0.0953
1926-07-01	-0.2084	0.0880	0.0880
1926-08-01	-0.1000	0.1111	0.1111
1926-09-01	-0.1179	0.0894	0.0894
1926-10-01	-0.0700	0.0787	0.0787
1926-11-01	-0.1158	0.0721	0.0721
1926-12-01	-0.3222	0.0727	0.0727
1927-01-01	-0.3112	0.0716	0.0716
1927-02-01	-0.2121	0.0619	0.0619
1927-03-01	-0.4190	0.0659	0.0659
1927-04-01	-0.3145	0.0766	0.0766
1927-05-01	-0.2300	0.0886	0.0886
1927-06-01	-0.2483	0.0940	0.0940
1927-07-01	-0.2048	0.0832	0.0832
1927-08-01	-0.2133	0.1034	0.1034
1927-09-01	-0.1196	0.0841	0.0841
1927-10-01	-0.0297	0.0768	0.0768
1927-11-01	-0.1267	0.0656	0.0656
1927-12-01	-0.3236	0.0713	0.0713
1928-01-01	-0.0171	0.0749	0.0749
1928-02-01	-0.1247	0.0724	0.0724
1928-03-01	-0.3196	0.0737	0.0737
1928-04-01	-0.2352	0.0794	0.0794
1928-05-01	-0.3015	0.0925	0.0925
1928-06-01	-0.3267	0.0947	0.0947
1928-07-01	-0.1883	0.0847	0.0847
1928-08-01	-0.1785	0.1045	0.1045
1928-09-01	-0.2067	0.0915	0.0915
1928-10-01	-0.1840	0.0783	0.0783
1928-11-01	-0.1721	0.0738	0.0738
1928-12-01	-0.2267	0.0738	0.0738
1929-01-01	-0.4365	0.0734	0.0734
1929-02-01	-0.6037	0.0720	0.0720
1929-03-01	-0.4872	0.0736	0.0736
1929-04-01	-0.4373	0.0849	0.0849
1929-05-01	-0.4345	0.0934	0.0934
1929-06-01	-0.4089	0.0944	0.0944
1929-07-01	-0.4396	0.0886	0.0886
1929-08-01	-0.2663	0.1103	0.1103
1929-09-01	-0.2773	0.0916	0.0916
1929-10-01	-0.2213	0.0801	0.0801
1929-11-01	-0.1402	0.0714	0.0714
1929-12-01	-0.5604	0.0719	0.0719
1930-01-01	-0.3631	0.0674	0.0674
1930-02-01	-0.3558	0.0613	0.0613
1930-03-01	-0.2473	0.0636	0.0636
1930-04-01	-0.2313	0.0746	0.0746
1930-05-01	-0.2507	0.0837	0.0837
1930-06-01	-0.2037	0.0886	0.0886
1930-07-01	-0.1883	0.0877	0.0877
1930-08-01	-0.0977	0.1036	0.1036
1930-09-01	-0.0922	0.0834	0.0834
1930-10-01	-0.0906	0.0711	0.0711
1930-11-01	0.0638	0.0637	0.0637
1930-12-01	-0.0647	0.0615	0.0615
1931-01-01	-0.1369	0.0651	0.0651
1931-02-01	-0.2587	0.0541	0.0541
1931-03-01	-0.1092	0.0620	0.0620
1931-04-01	-0.1707	0.0720	0.0720
1931-05-01	-0.1929	0.0845	0.0845
1931-06-01	-0.0254	0.0893	0.0893
1931-07-01	-0.0082	0.0851	0.0851
1931-08-01	-0.0267	0.1065	0.1065
1931-09-01	-0.0520	0.0779	0.0779
1931-10-01	-0.0270	0.0719	0.0719
1931-11-01	-0.1358	0.0624	0.0624
1931-12-01	-0.0973	0.0600	0.0600
1932-01-01	0.0798	0.0617	0.0617
1932-02-01	-0.1781	0.0607	0.0607
1932-03-01	-0.1948	0.0628	0.0628
1932-04-01	-0.0612	0.0687	0.0687
1932-05-01	-0.1598	0.0801	0.0801
1932-06-01	-0.2554	0.0852	0.0852
1932-07-01	-0.1297	0.0822	0.0822
1932-08-01	-0.1898	0.1035	0.1035
1932-09-01	-0.0006	0.0768	0.0768
1932-10-01	-0.0944	0.0695	0.0695
1932-11-01	-0.2949	0.0608	0.0608
1932-12-01	-0.2667	0.0609	0.0609
1933-01-01	-0.3111	0.0595	0.0595
1933-02-01	-0.3510	0.0571	0.0571
1933-03-01	-0.3852	0.0586	0.0586
1933-04-01	-0.2847	0.0707	0.0707
1933-05-01	-0.2769	0.0868	0.0868
1933-06-01	-0.3236	0.0934	0.0934
1933-07-01	-0.2904	0.0810	0.0810
1933-08-01	-0.1538	0.1005	0.1005
1933-09-01	-0.3266	0.0799	0.0799
1933-10-01	-0.2458	0.0702	0.0702
1933-11-01	-0.4048	0.0572	0.0572
1933-12-01	-0.5142	0.0594	0.0594
1934-01-01	-0.3233	0.0542	0.0542
1934-02-01	-0.1452	0.0498	0.0498
1934-03-01	-0.4311	0.0544	0.0544
1934-04-01	-0.3718	0.0676	0.0676
1934-05-01	-0.1402	0.0797	0.0797
1934-06-01	-0.0923	0.0947	0.0947
1934-07-01	-0.1781	0.0806	0.0806
1934-08-01	-0.1144	0.1054	0.1054
1934-09-01	-0.1345	0.0780	0.0780
1934-10-01	-0.0818	0.0690	0.0690
1934-11-01	0.0318	0.0562	0.0562
1934-12-01	-0.1113	0.0549	0.0549
1935-01-01	-0.3480	0.0594	0.0594
1935-02-01	0.0497	0.0515	0.0515
1935-03-01	-0.2145	0.0527	0.0527
1935-04-01	-0.3228	0.0688	0.0688
1935-05-01	-0.3143	0.0856	0.0856
1935-06-01	-0.2093	0.0901	0.0901
1935-07-01	-0.1409	0.0794	0.0794
1935-08-01	-0.1488	0.0983	0.0983
1935-09-01	-0.1905	0.0762	0.0762
1935-10-01	-0.0552	0.0646	0.0646
1935-11-01	-0.3215	0.0535	0.0535
1935-12-01	-0.2565	0.0522	0.0522
1936-01-01	-0.3985	0.0520	0.0520
1936-02-01	-0.3431	0.0495	0.0495
1936-03-01	-0.3292	0.0534	0.0534
1936-04-01	-0.1883	0.0643	0.0643
1936-05-01	-0.1723	0.0820	0.0820
1936-06-01	-0.1490	0.0829	0.0829
1936-07-01	-0.0699	0.0770	0.0770
1936-08-01	-0.0733	0.0991	0.0991
1936-09-01	-0.1088	0.0741	0.0741
1936-10-01	-0.0414	0.0668	0.0668
1936-11-01	-0.0541	0.0518	0.0518
1936-12-01	-0.1064	0.0549	0.0549
1937-01-01	-0.1269	0.0563	0.0563
1937-02-01	0.0665	0.0528	0.0528
1937-03-01	-0.2619	0.0547	0.0547
1937-04-01	-0.1212	0.0674	0.0674
1937-05-01	-0.0912	0.0821	0.0821
1937-06-01	-0.0084	0.0881	0.0881
1937-07-01	0.0197	0.0756	0.0756
1937-08-01	0.0368	0.0973	0.0973
1937-09-01	0.1449	0.0777	0.0777
1937-10-01	0.1280	0.0696	0.0696
1937-11-01	0.0617	0.0560	0.0560
1937-12-01	-0.0784	0.0577	0.0577
1938-01-01	0.0455	0.0524	0.0524
1938-02-01	-0.0098	0.0501	0.0501
1938-03-01	-0.0153	0.0512	0.0512
1938-04-01	0.0400	0.0688	0.0688
1938-05-01	-0.0959	0.0874	0.0874
1938-06-01	-0.0936	0.0868	0.0868
1938-07-01	-0.0462	0.0780	0.0780
1938-08-01	-0.0028	0.0992	0.0992
1938-09-01	0.0199	0.0774	0.0774
1938-10-01	0.1628	0.0692	0.0692
1938-11-01	0.0547	0.0542	0.0542
1938-12-01	-0.2057	0.0582	0.0582
1939-01-01	-0.1218	0.0538	0.0538
1939-02-01	-0.1176	0.0489	0.0489
1939-03-01	-0.2887	0.0525	0.0525
1939-04-01	-0.1064	0.0655	0.0655
1939-05-01	-0.0301	0.0802	0.0802
1939-06-01	0.0148	0.0875	0.0875
1939-07-01	-0.0377	0.0818	0.0818
1939-08-01	-0.0407	0.1082	0.1082
1939-09-01	-0.0172	0.0915	0.0915
1939-10-01	-0.0993	0.0841	0.0841
1939-11-01	0.0213	0.0702	0.0702
1939-12-01	0.3339	0.0722	0.0722
1940-01-01	-0.0527	0.0637	0.0637
1940-02-01	0.0863	0.0611	0.0611
1940-03-01	-0.0358	0.0634	0.0634
1940-04-01	0.1490	0.0917	0.0917
1940-05-01	0.0502	0.0960	0.0960
1940-06-01	0.0447	0.0969	0.0969
1940-07-01	0.1483	0.0883	0.0883
1940-08-01	0.0996	0.1077	0.1077
1940-09-01	0.1312	0.0816	0.0816
1940-10-01	0.0958	0.0777	0.0777
1940-11-01	-0.0047	0.0647	0.0647
1940-12-01	0.1992	0.0676	0.0676
1941-01-01	-0.0396	0.1060	0.1060
1941-02-01	0.1182	0.1017	0.1017
1941-03-01	-0.1165	0.1052	0.1052
1941-04-01	0.0362	0.1163	0.1163
1941-05-01	0.0612	0.1284	0.1284
1941-06-01	0.0596	0.1241	0.1241
1941-07-01	0.1608	0.1164	0.1164
1941-08-01	0.0397	0.1339	0.1339
1941-09-01	-0.1445	0.1170	0.1170
1941-10-01	0.2143	0.1100	0.1100
1941-11-01	-0.0073	0.1085	0.1085
1941-12-01	0.0754	0.1045	0.1045
1942-01-01	0.2578	0.1021	0.1021
1942-02-01	0.0168	0.0998	0.0998
1942-03-01	-0.0416	0.0993	0.0993
1942-04-01	-0.0152	0.1148	0.1148
1942-05-01	0.1238	0.1297	0.1297
1942-06-01	0.0303	0.1250	0.1250
1942-07-01	-0.0598	0.1184	0.1184
1942-08-01	-0.0574	0.1389	0.1389
1942-09-01	-0.0135	0.1199	0.1199
1942-10-01	-0.0869	0.1114	0.1114
1942-11-01	-0.0575	0.1072	0.1072
1942-12-01	-0.0801	0.1011	0.1011
1943-01-01	-0.1827	0.1146	0.1146
1943-02-01	-0.0306	0.1094	0.1094
1943-03-01	-0.1677	0.1145	0.1145
1943-04-01	0.0230	0.1158	0.1158
1943-05-01	0.0355	0.1335	0.1335
1943-06-01	-0.0749	0.1277	0.1277
1943-07-01	0.0183	0.1201	0.1201
1943-08-01	0.0316	0.1401	0.1401
1943-09-01	-0.0134	0.1170	0.1170
1943-10-01	0.2277	0.1149	0.1149
1943-11-01	0.1039	0.1097	0.1097
1943-12-01	0.1063	0.1060	0.1060
1944-01-01	0.3182	0.1030	0.1030
1944-02-01	0.1186	0.1018	0.1018
1944-03-01	0.1201	0.1074	0.1074
1944-04-01	0.0423	0.1154	0.1154
1944-05-01	0.1199	0.1292	0.1292
1944-06-01	0.1074	0.1301	0.1301
1944-07-01	0.1487	0.1180	0.1180
1944-08-01	0.2067	0.1429	0.1429
1944-09-01	0.1677	0.1122	0.1122
1944-10-01	0.2081	0.1091	0.1091
1944-11-01	0.0885	0.1012	0.1012
1944-12-01	0.0833	0.0980	0.0980
1945-01-01	0.0951	0.1073	0.1073
1945-02-01	0.0484	0.1069	0.1069
1945-03-01	0.0387	0.1080	0.1080
1945-04-01	0.2099	0.1172	0.1172
1945-05-01	-0.0617	0.1374	0.1374
1945-06-01	-0.0365	0.1304	0.1304
1945-07-01	0.0004	0.1241	0.1241
1945-08-01	0.2362	0.1447	0.1447
1945-09-01	0.1028	0.1129	0.1129
1945-10-01	0.0942	0.1135	0.1135
1945-11-01	-0.0106	0.1064	0.1064
1945-12-01	-0.1998	0.1009	0.1009
1946-01-01	0.0465	0.0862	0.0862
1946-02-01	-0.1157	0.0872	0.0872
1946-03-01	-0.1216	0.0858	0.0858
1946-04-01	-0.0011	0.0924	0.0924
1946-05-01	-0.0827	0.1014	0.1014
1946-06-01	-0.2700	0.1047	0.1047
1946-07-01	-0.1094	0.1008	0.1008
1946-08-01	-0.1541	0.1165	0.1165
1946-09-01	-0.0982	0.0952	0.0952
1946-10-01	-0.0681	0.0869	0.0869
1946-11-01	-0.1081	0.0792	0.0792
1946-12-01	-0.3432	0.0716	0.0716
1947-01-01	-0.1505	0.0728	0.0728
1947-02-01	-0.1411	0.0672	0.0672
1947-03-01	-0.0762	0.0737	0.0737
1947-04-01	-0.0549	0.0876	0.0876
1947-05-01	-0.0708	0.1023	0.1023
1947-06-01	-0.0927	0.1098	0.1098
1947-07-01	-0.0648	0.0958	0.0958
1947-08-01	-0.1129	0.1164	0.1164
1947-09-01	-0.1604	0.0976	0.0976
1947-10-01	0.0338	0.0914	0.0914
1947-11-01	0.0291	0.0783	0.0783
1947-12-01	-0.2331	0.0757	0.0757
1948-01-01	-0.0190	0.0688	0.0688
1948-02-01	-0.2386	0.0697	0.0697
1948-03-01	-0.2830	0.0716	0.0716
1948-04-01	-0.1146	0.0865	0.0865
1948-05-01	0.0576	0.1033	0.1033
1948-06-01	-0.0082	0.0986	0.0986
1948-07-01	-0.1296	0.0966	0.0966
1948-08-01	-0.0476	0.1131	0.1131
1948-09-01	-0.1338	0.0906	0.0906
1948-10-01	-0.0568	0.0821	0.0821
1948-11-01	-0.1733	0.0755	0.0755
1948-12-01	-0.3490	0.0722	0.0722
1949-01-01	-0.0186	0.0619	0.0619
1949-02-01	-0.2423	0.0590	0.0590
1949-03-01	-0.1096	0.0570	0.0570
1949-04-01	-0.1467	0.0740	0.0740
1949-05-01	-0.1113	0.0933	0.0933
1949-06-01	-0.2332	0.0902	0.0902
1949-07-01	-0.1801	0.0837	0.0837
1949-08-01	-0.0775	0.1065	0.1065
1949-09-01	-0.1233	0.0810	0.0810
1949-10-01	-0.0897	0.0696	0.0696
1949-11-01	-0.1810	0.0597	0.0597
1949-12-01	-0.2124	0.0573	0.0573
1950-01-01	-0.3000	0.0595	0.0595
1950-02-01	-0.3700	0.0565	0.0565
1950-03-01	-0.2164	0.0572	0.0572
1950-04-01	-0.2436	0.0780	0.0780
1950-05-01	-0.1373	0.0880	0.0880
1950-06-01	-0.1050	0.0949	0.0949
1950-07-01	-0.1067	0.0803	0.0803
1950-08-01	-0.1526	0.1033	0.1033
1950-09-01	-0.2450	0.0793	0.0793
1950-10-01	-0.2010	0.0689	0.0689
1950-11-01	-0.3808	0.0558	0.0558
1950-12-01	-0.2608	0.0597	0.0597
1951-01-01	-0.3603	0.0493	0.0493
1951-02-01	-0.5094	0.0454	0.0454
1951-03-01	-0.2620	0.0461	0.0461
1951-04-01	-0.1081	0.0667	0.0667
1951-05-01	0.0323	0.0919	0.0919
1951-06-01	0.0602	0.0860	0.0860
1951-07-01	0.0387	0.0795	0.0795
1951-08-01	0.1213	0.0998	0.0998
1951-09-01	0.1323	0.0756	0.0756
1951-10-01	0.1244	0.0645	0.0645
1951-11-01	-0.0723	0.0510	0.0510
1951-12-01	0.0692	0.0509	0.0509
1952-01-01	0.0940	0.0511	0.0511
1952-02-01	0.0684	0.0487	0.0487
1952-03-01	-0.1635	0.0474	0.0474
1952-04-01	0.0456	0.0694	0.0694
1952-05-01	0.0222	0.0907	0.0907
1952-06-01	0.0235	0.0925	0.0925
1952-07-01	0.0901	0.0836	0.0836
1952-08-01	0.0969	0.1038	0.1038
1952-09-01	0.0962	0.0784	0.0784
1952-10-01	-0.0165	0.0658	0.0658
1952-11-01	-0.1323	0.0531	0.0531
1952-12-01	-0.0403	0.0528	0.0528
1953-01-01	-0.0090	0.0520	0.0520
1953-02-01	0.0950	0.0471	0.0471
1953-03-01	0.0180	0.0506	0.0506
1953-04-01	0.2246	0.0725	0.0725
1953-05-01	0.1490	0.0877	0.0877
1953-06-01	0.1404	0.0920	0.0920
1953-07-01	0.0431	0.0816	0.0816
1953-08-01	0.0871	0.1036	0.1036
1953-09-01	0.0863	0.0795	0.0795
1953-10-01	0.0834	0.0657	0.0657
1953-11-01	-0.0058	0.0539	0.0539
1953-12-01	0.0194	0.0525	0.0525
1954-01-01	-0.2435	0.0479	0.0479
1954-02-01	-0.0891	0.0459	0.0459
1954-03-01	-0.1834	0.0479	0.0479
1954-04-01	-0.1148	0.0638	0.0638
1954-05-01	-0.1706	0.0833	0.0833
1954-06-01	-0.1296	0.0853	0.0853
1954-07-01	-0.1962	0.0778	0.0778
1954-08-01	-0.1018	0.0922	0.0922
1954-09-01	-0.1133	0.0742	0.0742
1954-10-01	-0.0115	0.0608	0.0608
1954-11-01	0.1164	0.0482	0.0482
1954-12-01	-0.1636	0.0499	0.0499
1955-01-01	0.1060	0.0455	0.0455
1955-02-01	-0.1927	0.0413	0.0413
1955-03-01	-0.3964	0.0444	0.0444
1955-04-01	-0.2291	0.0646	0.0646
1955-05-01	-0.2388	0.0814	0.0814
1955-06-01	-0.1784	0.0833	0.0833
1955-07-01	-0.2083	0.0774	0.0774
1955-08-01	-0.0884	0.0930	0.0930
1955-09-01	-0.1431	0.0669	0.0669
1955-10-01	-0.1133	0.0565	0.0565
1955-11-01	-0.3208	0.0481	0.0481
1955-12-01	-0.3643	0.0449	0.0449
1956-01-01	-0.2404	0.0422	0.0422
1956-02-01	-0.2824	0.0401	0.0401
1956-03-01	-0.3565	0.0417	0.0417
1956-04-01	-0.3065	0.0505	0.0505
1956-05-01	-0.3361	0.0575	0.0575
1956-06-01	-0.2265	0.0554	0.0554
1956-07-01	-0.2106	0.0566	0.0566
1956-08-01	-0.2896	0.0691	0.0691
1956-09-01	-0.2735	0.0569	0.0569
1956-10-01	-0.2632	0.0456	0.0456
1956-11-01	-0.2152	0.0394	0.0394
1956-12-01	-0.1576	0.0401	0.0401
1957-01-01	-0.2215	0.0363	0.0363
1957-02-01	-0.1586	0.0364	0.0364
1957-03-01	-0.1975	0.0380	0.0380
1957-04-01	-0.0418	0.0421	0.0421
1957-05-01	0.0318	0.0417	0.0417
1957-06-01	0.0645	0.0461	0.0461
1957-07-01	-0.0627	0.0492	0.0492
1957-08-01	0.0729	0.0492	0.0492
1957-09-01	0.0414	0.0457	0.0457
1957-10-01	-0.0008	0.0396	0.0396
1957-11-01	-0.0040	0.0391	0.0391
1957-12-01	0.0523	0.0335	0.0335
1958-01-01	0.2547	0.0350	0.0350
1958-02-01	0.0928	0.0363	0.0363
1958-03-01	0.0053	0.0371	0.0371
1958-04-01	-0.0695	0.0380	0.0380
1958-05-01	0.0165	0.0420	0.0420
1958-06-01	-0.1531	0.0439	0.0439
1958-07-01	-0.0200	0.0510	0.0510
1958-08-01	-0.0831	0.0503	0.0503
1958-09-01	-0.1148	0.0449	0.0449
1958-10-01	-0.0195	0.0446	0.0446
1958-11-01	-0.0386	0.0361	0.0361
1958-12-01	-0.0823	0.0364	0.0364
1959-01-01	0.0137	0.0358	0.0358
1959-02-01	-0.0051	0.0321	0.0321
1959-03-01	0.0167	0.0359	0.0359
1959-04-01	0.0263	0.0408	0.0408
1959-05-01	-0.0385	0.0441	0.0441
1959-06-01	-0.0018	0.0471	0.0471
1959-07-01	-0.0436	0.0485	0.0485
1959-08-01	-0.0413	0.0436	0.0436
1959-09-01	-0.1412	0.0428	0.0428
1959-10-01	-0.0713	0.0392	0.0392
1959-11-01	-0.1863	0.0356	0.0356
1959-12-01	-0.1033	0.0318	0.0318
1960-01-01	-0.1147	0.0318	0.0318
1960-02-01	0.0228	0.0309	0.0309
1960-03-01	-0.4469	0.0323	0.0323
1960-04-01	-0.2619	0.0356	0.0356
1960-05-01	-0.1793	0.0402	0.0402
1960-06-01	-0.1261	0.0460	0.0460
1960-07-01	-0.1141	0.0471	0.0471
1960-08-01	-0.0063	0.0442	0.0442
1960-09-01	0.0032	0.0401	0.0401
1960-10-01	-0.0312	0.0399	0.0399
1960-11-01	-0.2150	0.0339	0.0339
1960-12-01	0.0836	0.0298	0.0298
1961-01-01	-0.0522	0.0269	0.0269
1961-02-01	0.0908	0.0280	0.0280
1961-03-01	-0.0616	0.0297	0.0297
1961-04-01	0.0610	0.0335	0.0335
1961-05-01	0.0679	0.0362	0.0362
1961-06-01	0.0876	0.0411	0.0411
1961-07-01	-0.0397	0.0422	0.0422
1961-08-01	-0.0169	0.0384	0.0384
1961-09-01	-0.0302	0.0400	0.0400
1961-10-01	-0.0638	0.0302	0.0302
1961-11-01	-0.0311	0.0277	0.0277
1961-12-01	-0.2518	0.0278	0.0278
1962-01-01	-0.0570	0.0273	0.0273
1962-02-01	0.0122	0.0298	0.0298
1962-03-01	0.0187	0.0278	0.0278
1962-04-01	-0.0261	0.0346	0.0346
1962-05-01	-0.1816	0.0395	0.0395
1962-06-01	-0.0563	0.0418	0.0418
1962-07-01	-0.1092	0.0478	0.0478
1962-08-01	-0.1097	0.0421	0.0421
1962-09-01	-0.0749	0.0359	0.0359
1962-10-01	-0.0382	0.0374	0.0374
1962-11-01	-0.0209	0.0295	0.0295
1962-12-01	-0.1256	0.0302	0.0302
1963-01-01	-0.1219	0.0255	0.0255
1963-02-01	0.0400	0.0268	0.0268
1963-03-01	-0.3410	0.0307	0.0307
1963-04-01	-0.1791	0.0319	0.0319
1963-05-01	-0.1467	0.0371	0.0371
1963-06-01	-0.0668	0.0427	0.0427
1963-07-01	0.0595	0.0465	0.0465
1963-08-01	0.1458	0.0440	0.0440
1963-09-01	0.1221	0.0412	0.0412
1963-10-01	0.0642	0.0354	0.0354
1963-11-01	0.0447	0.0313	0.0313
1963-12-01	-0.0625	0.0283	0.0283
1964-01-01	-0.1945	0.0257	0.0257
1964-02-01	-0.2230	0.0238	0.0238
1964-03-01	-0.3828	0.0263	0.0263
1964-04-01	-0.4416	0.0291	0.0291
1964-05-01	-0.3742	0.0334	0.0334
1964-06-01	-0.1666	0.0334	0.0334
1964-07-01	-0.2006	0.0367	0.0367
1964-08-01	-0.3005	0.0346	0.0346
1964-09-01	-0.4046	0.0323	0.0323
1964-10-01	-0.3114	0.0321	0.0321
1964-11-01	-0.2988	0.0272	0.0272
1964-12-01	-0.3716	0.0231	0.0231
1965-01-01	-0.1623	0.0266	0.0266
1965-02-01	-0.2631	0.0278	0.0278
1965-03-01	-0.2597	0.0272	0.0272
1965-04-01	-0.2986	0.0308	0.0308
1965-05-01	-0.1916	0.0344	0.0344
1965-06-01	-0.2075	0.0392	0.0392
1965-07-01	-0.2666	0.0410	0.0410
1965-08-01	-0.1620	0.0369	0.0369
1965-09-01	-0.2453	0.0374	0.0374
1965-10-01	-0.1058	0.0316	0.0316
1965-11-01	-0.1438	0.0286	0.0286
1965-12-01	-0.1463	0.0268	0.0268
1966-01-01	-0.2832	0.0264	0.0264
1966-02-01	-0.1676	0.0266	0.0266
1966-03-01	-0.1708	0.0274	0.0274
1966-04-01	-0.1705	0.0296	0.0296
1966-05-01	-0.2184	0.0307	0.0307
1966-06-01	-0.1050	0.0396	0.0396
1966-07-01	0.0030	0.0431	0.0431
1966-08-01	-0.1017	0.0412	0.0412
1966-09-01	-0.0866	0.0372	0.0372
1966-10-01	-0.2377	0.0315	0.0315
1966-11-01	-0.1077	0.0284	0.0284
1966-12-01	-0.1405	0.0283	0.0283
1967-01-01	-0.2196	0.0231	0.0231
1967-02-01	-0.3282	0.0269	0.0269
1967-03-01	-0.0937	0.0253	0.0253
1967-04-01	-0.1324	0.0272	0.0272
1967-05-01	0.0572	0.0313	0.0313
1967-06-01	-0.1082	0.0356	0.0356
1967-07-01	-0.0679	0.0406	0.0406
1967-08-01	-0.0992	0.0372	0.0372
1967-09-01	-0.1245	0.0354	0.0354
1967-10-01	-0.0203	0.0326	0.0326
1967-11-01	-0.1197	0.0254	0.0254
1967-12-01	-0.1537	0.0227	0.0227
1968-01-01	-0.3247	0.0234	0.0234
1968-02-01	-0.2677	0.0246	0.0246
1968-03-01	-0.0037	0.0249	0.0249
1968-04-01	-0.1804	0.0268	0.0268
1968-05-01	-0.2259	0.0292	0.0292
1968-06-01	-0.1518	0.0372	0.0372
1968-07-01	-0.1950	0.0389	0.0389
1968-08-01	-0.1300	0.0403	0.0403
1968-09-01	-0.2265	0.0364	0.0364
1968-10-01	0.0082	0.0337	0.0337
1968-11-01	-0.1350	0.0262	0.0262
1968-12-01	-0.1912	0.0251	0.0251
1969-01-01	-0.1624	0.0230	0.0230
1969-02-01	-0.1971	0.0255	0.0255
1969-03-01	-0.1328	0.0253	0.0253
1969-04-01	0.0493	0.0250	0.0250
1969-05-01	0.0653	0.0280	0.0280
1969-06-01	0.0057	0.0334	0.0334
1969-07-01	-0.1092	0.0332	0.0332
1969-08-01	-0.0729	0.0364	0.0364
1969-09-01	-0.0131	0.0298	0.0298
1969-10-01	0.0009	0.0308	0.0308
1969-11-01	0.0231	0.0258	0.0258
1969-12-01	0.1667	0.0227	0.0227
1970-01-01	0.0140	0.0195	0.0195
1970-02-01	0.0638	0.0230	0.0230
1970-03-01	-0.0881	0.0227	0.0227
1970-04-01	-0.0794	0.0239	0.0239
1970-05-01	-0.1408	0.0292	0.0292
1970-06-01	-0.1370	0.0337	0.0337
1970-07-01	-0.1122	0.0385	0.0385
1970-08-01	-0.1992	0.0392	0.0392
1970-09-01	-0.0307	0.0345	0.0345
1970-10-01	-0.0603	0.0333	0.0333
1970-11-01	-0.0582	0.0263	0.0263
1970-12-01	-0.1930	0.0218	0.0218
1971-01-01	-0.1437	0.0205	0.0205
1971-02-01	-0.2726	0.0220	0.0220
1971-03-01	-0.3366	0.0233	0.0233
1971-04-01	-0.2329	0.0253	0.0253
1971-05-01	-0.1980	0.0340	0.0340
1971-06-01	-0.2552	0.0330	0.0330
1971-07-01	-0.1848	0.0348	0.0348
1971-08-01	-0.1812	0.0390	0.0390
1971-09-01	-0.1264	0.0368	0.0368
1971-10-01	-0.1562	0.0262	0.0262
1971-11-01	-0.1528	0.0240	0.0240
1971-12-01	-0.2307	0.0209	0.0209
1972-01-01	-0.3790	0.0196	0.0196
1972-02-01	-0.2778	0.0214	0.0214
1972-03-01	-0.1430	0.0224	0.0224
1972-04-01	-0.1276	0.0252	0.0252
1972-05-01	-0.0825	0.0331	0.0331
1972-06-01	-0.0319	0.0342	0.0342
1972-07-01	-0.0931	0.0385	0.0385
1972-08-01	0.0612	0.0401	0.0401
1972-09-01	-0.0524	0.0340	0.0340
1972-10-01	-0.0568	0.0279	0.0279
1972-11-01	-0.0518	0.0237	0.0237
1972-12-01	0.1089	0.0212	0.0212
1973-01-01	0.1009	0.0208	0.0208
1973-02-01	0.1593	0.0192	0.0192
1973-03-01	0.1150	0.0225	0.0225
1973-04-01	0.1992	0.0242	0.0242
1973-05-01	0.1081	0.0320	0.0320
1973-06-01	0.1060	0.0303	0.0303
1973-07-01	0.0162	0.0330	0.0330
1973-08-01	-0.0277	0.0366	0.0366
1973-09-01	-0.0352	0.0374	0.0374
1973-10-01	0.0108	0.0292	0.0292
1973-11-01	-0.0252	0.0232	0.0232
1973-12-01	-0.1284	0.0206	0.0206
1974-01-01	-0.2824	0.0197	0.0197
1974-02-01	-0.4466	0.0225	0.0225
1974-03-01	-0.2372	0.0219	0.0219
1974-04-01	-0.2017	0.0246	0.0246
1974-05-01	-0.1266	0.0305	0.0305
1974-06-01	-0.1153	0.0343	0.0343
1974-07-01	-0.1357	0.0356	0.0356
1974-08-01	0.0231	0.0391	0.0391
1974-09-01	-0.0927	0.0370	0.0370
1974-10-01	-0.1153	0.0307	0.0307
1974-11-01	-0.1262	0.0250	0.0250
1974-12-01	-0.2139	0.0208	0.0208
1975-01-01	-0.0966	0.0216	0.0216
1975-02-01	-0.0209	0.0213	0.0213
1975-03-01	-0.0111	0.0235	0.0235
1975-04-01	-0.0520	0.0245	0.0245
1975-05-01	0.0530	0.0312	0.0312
1975-06-01	-0.0608	0.0361	0.0361
1975-07-01	-0.1047	0.0413	0.0413
1975-08-01	-0.2324	0.0379	0.0379
1975-09-01	-0.1395	0.0362	0.0362
1975-10-01	-0.1537	0.0349	0.0349
1975-11-01	-0.2636	0.0248	0.0248
1975-12-01	-0.2468	0.0230	0.0230
1976-01-01	-0.1696	0.0227	0.0227
1976-02-01	-0.2319	0.0222	0.0222
1976-03-01	-0.3369	0.0235	0.0235
1976-04-01	-0.1859	0.0272	0.0272
1976-05-01	-0.3588	0.0312	0.0312
1976-06-01	-0.2398	0.0349	0.0349
1976-07-01	-0.1728	0.0402	0.0402
1976-08-01	-0.2424	0.0396	0.0396
1976-09-01	-0.1512	0.0369	0.0369
1976-10-01	-0.3323	0.0320	0.0320
1976-11-01	-0.1394	0.0268	0.0268
1976-12-01	-0.0295	0.0254	0.0254
1977-01-01	0.1534	0.0227	0.0227
1977-02-01	0.1038	0.0250	0.0250
1977-03-01	0.0748	0.0249	0.0249
1977-04-01	0.1345	0.0271	0.0271
1977-05-01	0.2277	0.0322	0.0322
1977-06-01	0.2078	0.0337	0.0337
1977-07-01	0.1425	0.0405	0.0405
1977-08-01	0.1298	0.0404	0.0404
1977-09-01	-0.0020	0.0381	0.0381
1977-10-01	-0.0162	0.0335	0.0335
1977-11-01	0.1211	0.0272	0.0272
1977-12-01	-0.0401	0.0254	0.0254
1978-01-01	0.0370	0.0221	0.0221
1978-02-01	0.0739	0.0226	0.0226
1978-03-01	0.0593	0.0226	0.0226
1978-04-01	0.0532	0.0269	0.0269
1978-05-01	0.0115	0.0319	0.0319
1978-06-01	-0.0551	0.0344	0.0344
1978-07-01	0.0163	0.0374	0.0374
1978-08-01	-0.2169	0.0394	0.0394
1978-09-01	0.0417	0.0391	0.0391
1978-10-01	-0.0599	0.0340	0.0340
1978-11-01	0.0918	0.0252	0.0252
1978-12-01	0.0102	0.0213	0.0213
1979-01-01	0.0517	0.0188	0.0188
1979-02-01	-0.1795	0.0184	0.0184
1979-03-01	0.0669	0.0180	0.0180
1979-04-01	0.0770	0.0191	0.0191
1979-05-01	-0.0224	0.0219	0.0219
1979-06-01	0.0502	0.0218	0.0218
1979-07-01	0.0180	0.0253	0.0253
1979-08-01	0.1145	0.0304	0.0304
1979-09-01	0.1729	0.0306	0.0306
1979-10-01	0.1473	0.0240	0.0240
1979-11-01	0.2078	0.0214	0.0214
1979-12-01	0.3860	0.0172	0.0172
1980-01-01	0.2527	0.0199	0.0199
1980-02-01	0.3607	0.0187	0.0187
1980-03-01	0.2167	0.0202	0.0202
1980-04-01	0.2339	0.0200	0.0200
1980-05-01	0.2457	0.0235	0.0235
1980-06-01	0.1318	0.0248	0.0248
1980-07-01	0.2064	0.0260	0.0260
1980-08-01	0.1644	0.0288	0.0288
1980-09-01	0.1236	0.0315	0.0315
1980-10-01	0.0970	0.0265	0.0265
1980-11-01	0.2063	0.0241	0.0241
1980-12-01	0.1137	0.0210	0.0210
1981-01-01	0.4439	0.0224	0.0224
1981-02-01	0.3365	0.0169	0.0169
1981-03-01	0.3308	0.0185	0.0185
1981-04-01	0.1989	0.0205	0.0205
1981-05-01	0.1477	0.0233	0.0233
1981-06-01	0.2447	0.0273	0.0273
1981-07-01	0.2643	0.0314	0.0314
1981-08-01	0.3121	0.0310	0.0310
1981-09-01	0.1368	0.0288	0.0288
1981-10-01	0.0553	0.0241	0.0241
1981-11-01	0.1657	0.0223	0.0223
1981-12-01	0.3634	0.0231	0.0231
1982-01-01	-0.0241	0.0241	0.0241
1982-02-01	0.0682	0.0229	0.0229
1982-03-01	-0.1370	0.0238	0.0238
1982-04-01	0.0204	0.0251	0.0251
1982-05-01	0.0907	0.0292	0.0292
1982-06-01	-0.0013	0.0316	0.0316
1982-07-01	0.0758	0.0355	0.0355
1982-08-01	-0.0456	0.0362	0.0362
1982-09-01	0.0165	0.0333	0.0333
1982-10-01	0.0411	0.0298	0.0298
1982-11-01	0.0290	0.0250	0.0250
1982-12-01	0.2773	0.0222	0.0222
1983-01-01	0.3584	0.0219	0.0219
1983-02-01	0.3364	0.0228	0.0228
1983-03-01	0.2476	0.0212	0.0212
1983-04-01	0.1754	0.0244	0.0244
1983-05-01	0.2220	0.0280	0.0280
1983-06-01	0.1669	0.0285	0.0285
1983-07-01	0.1149	0.0294	0.0294
1983-08-01	0.2838	0.0337	0.0337
1983-09-01	0.3261	0.0299	0.0299
1983-10-01	0.1131	0.0278	0.0278
1983-11-01	0.2455	0.0245	0.0245
1983-12-01	0.0960	0.0230	0.0230
1984-01-01	0.1576	0.0222	0.0222
1984-02-01	0.0200	0.0227	0.0227
1984-03-01	0.1440	0.0255	0.0255
1984-04-01	0.0101	0.0247	0.0247
1984-05-01	0.2143	0.0259	0.0259
1984-06-01	-0.0386	0.0310	0.0310
1984-07-01	0.0249	0.0310	0.0310
1984-08-01	0.0892	0.0326	0.0326
1984-09-01	0.1272	0.0296	0.0296
1984-10-01	0.0409	0.0268	0.0268
1984-11-01	-0.0577	0.0235	0.0235
1984-12-01	-0.1560	0.0214	0.0214
1985-01-01	0.1156	0.0226	0.0226
1985-02-01	-0.1042	0.0226	0.0226
1985-03-01	0.0427	0.0239	0.0239
1985-04-01	0.0028	0.0226	0.0226
1985-05-01	0.0680	0.0240	0.0240
1985-06-01	0.1212	0.0251	0.0251
1985-07-01	-0.0229	0.0253	0.0253
1985-08-01	0.1431	0.0296	0.0296
1985-09-01	0.1177	0.0279	0.0279
1985-10-01	0.0393	0.0256	0.0256
1985-11-01	0.0181	0.0234	0.0234
1985-12-01	0.0553	0.0203	0.0203
1986-01-01	0.1167	0.0225	0.0225
1986-02-01	0.3094	0.0214	0.0214
1986-03-01	0.1382	0.0202	0.0202
1986-04-01	0.1349	0.0212	0.0212
1986-05-01	0.1310	0.0226	0.0226
1986-06-01	0.0399	0.0241	0.0241
1986-07-01	0.0430	0.0270	0.0270
1986-08-01	0.0879	0.0276	0.0276
1986-09-01	0.0241	0.0277	0.0277
1986-10-01	0.0510	0.0235	0.0235
1986-11-01	0.0401	0.0200	0.0200
1986-12-01	0.0321	0.0206	0.0206
1987-01-01	0.2200	0.0214	0.0214
1987-02-01	0.3160	0.0213	0.0213
1987-03-01	0.1043	0.0202	0.0202
1987-04-01	0.1889	0.0229	0.0229
1987-05-01	0.1694	0.0233	0.0233
1987-06-01	0.2659	0.0251	0.0251
1987-07-01	0.3477	0.0237	0.0237
1987-08-01	0.2105	0.0285	0.0285
1987-09-01	0.2659	0.0239	0.0239
1987-10-01	0.2696	0.0234	0.0234
1987-11-01	0.1861	0.0224	0.0224
1987-12-01	0.3720	0.0184	0.0184
1988-01-01	0.4591	0.0216	0.0216
1988-02-01	0.3330	0.0222	0.0222
1988-03-01	0.3852	0.0214	0.0214
1988-04-01	0.3277	0.0222	0.0222
1988-05-01	0.3193	0.0267	0.0267
1988-06-01	0.3304	0.0276	0.0276
1988-07-01	0.2557	0.0269	0.0269
1988-08-01	0.2577	0.0319	0.0319
1988-09-01	0.2583	0.0299	0.0299
1988-10-01	0.2547	0.0264	0.0264
1988-11-01	0.0286	0.0252	0.0252
1988-12-01	0.1762	0.0231	0.0231
1989-01-01	-0.0260	0.0222	0.0222
1989-02-01	0.2374	0.0201	0.0201
1989-03-01	0.1851	0.0212	0.0212
1989-04-01	0.1496	0.0229	0.0229
1989-05-01	0.0383	0.0259	0.0259
1989-06-01	0.0938	0.0274	0.0274
1989-07-01	0.2638	0.0294	0.0294
1989-08-01	0.2522	0.0332	0.0332
1989-09-01	0.2977	0.0319	0.0319
1989-10-01	0.2600	0.0293	0.0293
1989-11-01	0.1153	0.0258	0.0258
1989-12-01	0.2837	0.0234	0.0234
1990-01-01	0.2828	0.0231	0.0231
1990-02-01	0.2788	0.0231	0.0231
1990-03-01	0.6348	0.0232	0.0232
1990-04-01	0.4940	0.0233	0.0233
1990-05-01	0.4060	0.0260	0.0260
1990-06-01	0.3152	0.0266	0.0266
1990-07-01	0.3797	0.0296	0.0296
1990-08-01	0.2810	0.0337	0.0337
1990-09-01	0.2203	0.0299	0.0299
1990-10-01	0.3865	0.0280	0.0280
1990-11-01	0.3590	0.0263	0.0263
1990-12-01	0.2888	0.0231	0.0231
1991-01-01	0.3034	0.0216	0.0216
1991-02-01	0.4070	0.0238	0.0238
1991-03-01	0.2474	0.0219	0.0219
1991-04-01	0.4360	0.0249	0.0249
1991-05-01	0.3140	0.0239	0.0239
1991-06-01	0.4335	0.0252	0.0252
1991-07-01	0.4674	0.0269	0.0269
1991-08-01	0.3620	0.0303	0.0303
1991-09-01	0.3528	0.0289	0.0289
1991-10-01	0.2512	0.0267	0.0267
1991-11-01	0.2536	0.0242	0.0242
1991-12-01	0.2383	0.0215	0.0215
1992-01-01	0.3629	0.0201	0.0201
1992-02-01	0.3484	0.0213	0.0213
1992-03-01	0.3092	0.0213	0.0213
1992-04-01	0.1619	0.0227	0.0227
1992-05-01	0.1680	0.0262	0.0262
1992-06-01	0.1564	0.0304	0.0304
1992-07-01	0.0053	0.0310	0.0310
1992-08-01	0.0377	0.0387	0.0387
1992-09-01	-0.0899	0.0361	0.0361
1992-10-01	-0.0227	0.0266	0.0266
1992-11-01	-0.0373	0.0243	0.0243
1992-12-01	0.0987	0.0221	0.0221
1993-01-01	0.2610	0.0208	0.0208
1993-02-01	0.2833	0.0223	0.0223
1993-03-01	0.2361	0.0236	0.0236
1993-04-01	0.1951	0.0247	0.0247
1993-05-01	0.1950	0.0308	0.0308
1993-06-01	0.1645	0.0324	0.0324
1993-07-01	0.1586	0.0333	0.0333
1993-08-01	0.0842	0.0355	0.0355
1993-09-01	0.0455	0.0364	0.0364
1993-10-01	0.1505	0.0299	0.0299
1993-11-01	0.0657	0.0264	0.0264
1993-12-01	0.1483	0.0240	0.0240
1994-01-01	0.2003	0.0230	0.0230
1994-02-01	0.0140	0.0259	0.0259
1994-03-01	0.2355	0.0212	0.0212
1994-04-01	0.2556	0.0263	0.0263
1994-05-01	0.2077	0.0291	0.0291
1994-06-01	0.3144	0.0295	0.0295
1994-07-01	0.1822	0.0314	0.0314
1994-08-01	0.1733	0.0328	0.0328
1994-09-01	0.2722	0.0291	0.0291
1994-10-01	0.3470	0.0237	0.0237
1994-11-01	0.3531	0.0225	0.0225
1994-12-01	0.2474	0.0218	0.0218
1995-01-01	0.4136	0.0229	0.0229
1995-02-01	0.6401	0.0223	0.0223
1995-03-01	0.3564	0.0213	0.0213
1995-04-01	0.4273	0.0236	0.0236
1995-05-01	0.2646	0.0244	0.0244
1995-06-01	0.3784	0.0267	0.0267
1995-07-01	0.4418	0.0294	0.0294
1995-08-01	0.3916	0.0318	0.0318
1995-09-01	0.2796	0.0296	0.0296
1995-10-01	0.3794	0.0239	0.0239
1995-11-01	0.3754	0.0238	0.0238
1995-12-01	0.1740	0.0213	0.0213
1996-01-01	0.2164	0.0209	0.0209
1996-02-01	0.4616	0.0204	0.0204
1996-03-01	0.2884	0.0209	0.0209
1996-04-01	0.2516	0.0243	0.0243
1996-05-01	0.2371	0.0259	0.0259
1996-06-01	0.2165	0.0277	0.0277
1996-07-01	0.3254	0.0281	0.0281
1996-08-01	0.3515	0.0332	0.0332
1996-09-01	0.2046	0.0327	0.0327
1996-10-01	0.1277	0.0266	0.0266
1996-11-01	0.3163	0.0241	0.0241
1996-12-01	0.3233	0.0214	0.0214
1997-01-01	0.2490	0.0220	0.0220
1997-02-01	0.3044	0.0213	0.0213
1997-03-01	0.3971	0.0228	0.0228
1997-04-01	0.3775	0.0224	0.0224
1997-05-01	0.3171	0.0254	0.0254
1997-06-01	0.4918	0.0270	0.0270
1997-07-01	0.3461	0.0304	0.0304
1997-08-01	0.4057	0.0306	0.0306
1997-09-01	0.4675	0.0279	0.0279
1997-10-01	0.5718	0.0226	0.0226
1997-11-01	0.6157	0.0210	0.0210
1997-12-01	0.5239	0.0210	0.0210
1998-01-01	0.5630	0.0217	0.0217
1998-02-01	0.7974	0.0218	0.0218
1998-03-01	0.5895	0.0217	0.0217
1998-04-01	0.6509	0.0234	0.0234
1998-05-01	0.6391	0.0241	0.0241
1998-06-01	0.6679	0.0284	0.0284
1998-07-01	0.6591	0.0297	0.0297
1998-08-01	0.6453	0.0336	0.0336
1998-09-01	0.4348	0.0295	0.0295
1998-10-01	0.4111	0.0281	0.0281
1998-11-01	0.3822	0.0254	0.0254
1998-12-01	0.4876	0.0214	0.0214
1999-01-01	0.3873	0.0216	0.0216
1999-02-01	0.6040	0.0231	0.0231
1999-03-01	0.2638	0.0211	0.0211
1999-04-01	0.2695	0.0222	0.0222
1999-05-01	0.2478	0.0240	0.0240
1999-06-01	0.3248	0.0292	0.0292
1999-07-01	0.3104	0.0290	0.0290
1999-08-01	0.3026	0.0325	0.0325
1999-09-01	0.2760	0.0302	0.0302
1999-10-01	0.3070	0.0255	0.0255
1999-11-01	0.2869	0.0242	0.0242
1999-12-01	0.3138	0.0210	0.0210
2000-01-01	0.1813	0.0215	0.0215
2000-02-01	0.4992	0.0215	0.0215
2000-03-01	0.4450	0.0223	0.0223
2000-04-01	0.5384	0.0233	0.0233
2000-05-01	0.3058	0.0246	0.0246
2000-06-01	0.3502	0.0258	0.0258
2000-07-01	0.3258	0.0294	0.0294
2000-08-01	0.3747	0.0319	0.0319
2000-09-01	0.3108	0.0338	0.0338
2000-10-01	0.1948	0.0270	0.0270
2000-11-01	0.2453	0.0237	0.0237
2000-12-01	0.2017	0.0207	0.0207
2001-01-01	0.3642	0.0214	0.0214
2001-02-01	0.3919	0.0192	0.0192
2001-03-01	0.5205	0.0217	0.0217
2001-04-01	0.4525	0.0220	0.0220
2001-05-01	0.4893	0.0286	0.0286
2001-06-01	0.4459	0.0260	0.0260
2001-07-01	0.5091	0.0295	0.0295
2001-08-01	0.5075	0.0323	0.0323
2001-09-01	0.4926	0.0312	0.0312
2001-10-01	0.4642	0.0266	0.0266
2001-11-01	0.6921	0.0256	0.0256
2001-12-01	0.5416	0.0210	0.0210
2002-01-01	0.6474	0.0210	0.0210
2002-02-01	0.6426	0.0207	0.0207
2002-03-01	0.7994	0.0202	0.0202
2002-04-01	0.5682	0.0204	0.0204
2002-05-01	0.5028	0.0278	0.0278
2002-06-01	0.4493	0.0250	0.0250
2002-07-01	0.5695	0.0281	0.0281
2002-08-01	0.4985	0.0334	0.0334
2002-09-01	0.5019	0.0284	0.0284
2002-10-01	0.5004	0.0226	0.0226
2002-11-01	0.4945	0.0205	0.0205
2002-12-01	0.3470	0.0191	0.0191
2003-01-01	0.6539	0.0203	0.0203
2003-02-01	0.4856	0.0199	0.0199
2003-03-01	0.4836	0.0210	0.0210
2003-04-01	0.4728	0.0230	0.0230
2003-05-01	0.5223	0.0229	0.0229
2003-06-01	0.4251	0.0233	0.0233
2003-07-01	0.4838	0.0266	0.0266
2003-08-01	0.6121	0.0310	0.0310
2003-09-01	0.5747	0.0311	0.0311
2003-10-01	0.6568	0.0268	0.0268
2003-11-01	0.4991	0.0224	0.0224
2003-12-01	0.6602	0.0199	0.0199
2004-01-01	0.5090	0.0222	0.0222
2004-02-01	0.6349	0.0207	0.0207
2004-03-01	0.5283	0.0215	0.0215
2004-04-01	0.5228	0.0216	0.0216
2004-05-01	0.3509	0.0265	0.0265
2004-06-01	0.3110	0.0270	0.0270
2004-07-01	0.2372	0.0283	0.0283
2004-08-01	0.4583	0.0338	0.0338
2004-09-01	0.4673	0.0313	0.0313
2004-10-01	0.5229	0.0246	0.0246
2004-11-01	0.6511	0.0223	0.0223
2004-12-01	0.4149	0.0208	0.0208
2005-01-01	0.6501	0.0203	0.0203
2005-02-01	0.5338	0.0203	0.0203
2005-03-01	0.6459	0.0206	0.0206
2005-04-01	0.6317	0.0200	0.0200
2005-05-01	0.5532	0.0236	0.0236
2005-06-01	0.5688	0.0248	0.0248
2005-07-01	0.5549	0.0274	0.0274
2005-08-01	0.5810	0.0289	0.0289
2005-09-01	0.6341	0.0280	0.0280
2005-10-01	0.6844	0.0265	0.0265
2005-11-01	0.6432	0.0209	0.0209
2005-12-01	0.6013	0.0192	0.0192
2006-01-01	0.4999	0.0198	0.0198
2006-02-01	0.6456	0.0199	0.0199
2006-03-01	0.5437	0.0197	0.0197
2006-04-01	0.4862	0.0199	0.0199
2006-05-01	0.4718	0.0225	0.0225
2006-06-01	0.5719	0.0244	0.0244
2006-07-01	0.4764	0.0257	0.0257
2006-08-01	0.6334	0.0289	0.0289
2006-09-01	0.5500	0.0283	0.0283
2006-10-01	0.6137	0.0246	0.0246
2006-11-01	0.6609	0.0201	0.0201
2006-12-01	0.7173	0.0197	0.0197
2007-01-01	0.8930	0.0187	0.0187
2007-02-01	0.6397	0.0202	0.0202
2007-03-01	0.5919	0.0211	0.0211
2007-04-01	0.7261	0.0194	0.0194
2007-05-01	0.5801	0.0232	0.0232
2007-06-01	0.5007	0.0227	0.0227
2007-07-01	0.5630	0.0231	0.0231
2007-08-01	0.5838	0.0272	0.0272
2007-09-01	0.5083	0.0283	0.0283
2007-10-01	0.5591	0.0238	0.0238
2007-11-01	0.5355	0.0202	0.0202
2007-12-01	0.4190	0.0196	0.0196
2008-01-01	0.2102	0.0194	0.0194
2008-02-01	0.2693	0.0195	0.0195
2008-03-01	0.6137	0.0198	0.0198
2008-04-01	0.4481	0.0212	0.0212
2008-05-01	0.4325	0.0228	0.0228
2008-06-01	0.3840	0.0264	0.0264
2008-07-01	0.5341	0.0277	0.0277
2008-08-01	0.4528	0.0328	0.0328
2008-09-01	0.5480	0.0308	0.0308
2008-10-01	0.5910	0.0234	0.0234
2008-11-01	0.6322	0.0220	0.0220
2008-12-01	0.4721	0.0204	0.0204
2009-01-01	0.5903	0.0187	0.0187
2009-02-01	0.4713	0.0191	0.0191
2009-03-01	0.4468	0.0192	0.0192
2009-04-01	0.5281	0.0217	0.0217
2009-05-01	0.5503	0.0218	0.0218
2009-06-01	0.6235	0.0257	0.0257
2009-07-01	0.6807	0.0269	0.0269
2009-08-01	0.6221	0.0284	0.0284
2009-09-01	0.6818	0.0251	0.0251
2009-10-01	0.6202	0.0243	0.0243
2009-11-01	0.7061	0.0213	0.0213
2009-12-01	0.6402	0.0218	0.0218
2010-01-01	0.7106	0.0202	0.0202
2010-02-01	0.7901	0.0207	0.0207
2010-03-01	0.8602	0.0191	0.0191
2010-04-01	0.8335	0.0210	0.0210
2010-05-01	0.7149	0.0230	0.0230
2010-06-01	0.6450	0.0246	0.0246
2010-07-01	0.6174	0.0262	0.0262
2010-08-01	0.6146	0.0296	0.0296
2010-09-01	0.5643	0.0259	0.0259
2010-10-01	0.6421	0.0221	0.0221
2010-11-01	0.7346	0.0220	0.0220
2010-12-01	0.4370	0.0194	0.0194
2011-01-01	0.4568	0.0212	0.0212
2011-02-01	0.4291	0.0197	0.0197
2011-03-01	0.5564	0.0205	0.0205
2011-04-01	0.6022	0.0197	0.0197
2011-05-01	0.4434	0.0209	0.0209
2011-06-01	0.5482	0.0229	0.0229
2011-07-01	0.6449	0.0278	0.0278
2011-08-01	0.6510	0.0270	0.0270
2011-09-01	0.5379	0.0258	0.0258
2011-10-01	0.5763	0.0232	0.0232
2011-11-01	0.5113	0.0213	0.0213
2011-12-01	0.4948	0.0211	0.0211
2012-01-01	0.3696	0.0210	0.0210
2012-02-01	0.4647	0.0231	0.0231
2012-03-01	0.4210	0.0191	0.0191
2012-04-01	0.6105	0.0213	0.0213
2012-05-01	0.6589	0.0241	0.0241
2012-06-01	0.6294	0.0254	0.0254
2012-07-01	0.5678	0.0268	0.0268
2012-08-01	0.6449	0.0339	0.0339
2012-09-01	0.6476	0.0304	0.0304
2012-10-01	0.7322	0.0260	0.0260
2012-11-01	0.7210	0.0218	0.0218
2012-12-01	0.4637	0.0203	0.0203
2013-01-01	0.6078	0.0209	0.0209
2013-02-01	0.5265	0.0214	0.0214
2013-03-01	0.5829	0.0205	0.0205
2013-04-01	0.5748	0.0245	0.0245
2013-05-01	0.5569	0.0277	0.0277
2013-06-01	0.6593	0.0282	0.0282
2013-07-01	0.5892	0.0283	0.0283
2013-08-01	0.6352	0.0318	0.0318
2013-09-01	0.7222	0.0280	0.0280
2013-10-01	0.6504	0.0267	0.0267
2013-11-01	0.7700	0.0236	0.0236
2013-12-01	0.6076	0.0231	0.0231
2014-01-01	0.6696	0.0237	0.0237
2014-02-01	0.4908	0.0218	0.0218
2014-03-01	0.6945	0.0230	0.0230
2014-04-01	0.7363	0.0238	0.0238
2014-05-01	0.7371	0.0243	0.0243
2014-06-01	0.6175	0.0265	0.0265
2014-07-01	0.5810	0.0272	0.0272
2014-08-01	0.7338	0.0301	0.0301
2014-09-01	0.7568	0.0261	0.0261
2014-10-01	0.7424	0.0247	0.0247
2014-11-01	0.6300	0.0219	0.0219
2014-12-01	0.6848	0.0198	0.0198
2015-01-01	0.7400	0.0209	0.0209
2015-02-01	0.7818	0.0206	0.0206
2015-03-01	0.7953	0.0224	0.0224
2015-04-01	0.7009	0.0240	0.0240
2015-05-01	0.7310	0.0235	0.0235
2015-06-01	0.7596	0.0259	0.0259
2015-07-01	0.7145	0.0256	0.0256
2015-08-01	0.7992	0.0311	0.0311
2015-09-01	0.8261	0.0274	0.0274
2015-10-01	1.0153	0.0252	0.0252
2015-11-01	0.9960	0.0218	0.0218
2015-12-01	1.0417	0.0216	0.0216
2016-01-01	1.0878	0.0207	0.0207
2016-02-01	1.2236	0.0198	0.0198
2016-03-01	1.1821	0.0179	0.0179
2016-04-01	1.0296	0.0212	0.0212
2016-05-01	0.8805	0.0228	0.0228
2016-06-01	0.7771	0.0238	0.0238
2016-07-01	0.7777	0.0257	0.0257
2016-08-01	0.9486	0.0282	0.0282
2016-09-01	0.8455	0.0271	0.0271
2016-10-01	0.8190	0.0238	0.0238
2016-11-01	0.8445	0.0203	0.0203
2016-12-01	0.7791	0.0204	0.0204
2017-01-01	0.9520	0.0201	0.0201
2017-02-01	1.0671	0.0190	0.0190
2017-03-01	1.0646	0.0187	0.0187
2017-04-01	0.8460	0.0206	0.0206
2017-05-01	0.7798	0.0208	0.0208
2017-06-01	0.6575	0.0240	0.0240
2017-07-01	0.8046	0.0269	0.0269
2017-08-01	0.8110	0.0299	0.0299
2017-09-01	0.7293	0.0258	0.0258
2017-10-01	0.8095	0.0227	0.0227
2017-11-01	0.8059	0.0212	0.0212
2017-12-01	0.8148	0.0197	0.0197
2018-01-01	0.7106	0.0188	0.0188
2018-02-01	0.7958	0.0203	0.0203
2018-03-01	0.7901	0.0197	0.0197
2018-04-01	0.8223	0.0228	0.0228
2018-05-01	0.7132	0.0220	0.0220
2018-06-01	0.7375	0.0251	0.0251
2018-07-01	0.7334	0.0281	0.0281
2018-08-01	0.7347	0.0312	0.0312
2018-09-01	0.6759	0.0273	0.0273
2018-10-01	0.8693	0.0240	0.0240
2018-11-01	0.7448	0.0217	0.0217
2018-12-01	0.8243	0.0198	0.0198
2019-01-01	0.7996	0.0212	0.0212
2019-02-01	0.8442	0.0235	0.0235
2019-03-01	1.0757	0.0222	0.0222
2019-04-01	0.9388	0.0238	0.0238
2019-05-01	0.7776	0.0219	0.0219
2019-06-01	0.8091	0.0272	0.0272
2019-07-01	0.8572	0.0286	0.0286
2019-08-01	0.8583	0.0300	0.0300
2019-09-01	0.8027	0.0288	0.0288
2019-10-01	0.9556	0.0262	0.0262
2019-11-01	0.9372	0.0234	0.0234
2019-12-01	1.0368	0.0230	0.0230
2020-01-01	1.0695	0.0223	0.0223
2020-02-01	1.1134	0.0230	0.0230
2020-03-01	1.0944	0.0231	0.0231
2020-04-01	1.0627	0.0238	0.0238
2020-05-01	0.9079	0.0259	0.0259
2020-06-01	0.8251	0.0312	0.0312
2020-07-01	0.8161	0.0309	0.0309
2020-08-01	0.8010	0.0297	0.0297
2020-09-01	0.8670	0.0297	0.0297
2020-10-01	0.8107	0.0230	0.0230
2020-11-01	1.0131	0.0240	0.0240
2020-12-01	0.6926	0.0233	0.0233
2021-01-01	0.7008	0.0237	0.0237
2021-02-01	0.5645	0.0229	0.0229
2021-03-01	0.7263	0.0238	0.0238
2021-04-01	0.7601	0.0236	0.0236
2021-05-01	0.7064	0.0244	0.0244
2021-06-01	0.7132	0.0264	0.0264
2021-07-01	0.7916	0.0324	0.0324
2021-08-01	0.7995	0.0305	0.0305
2021-09-01	0.8675	0.0285	0.0285
2021-10-01	0.9074	0.0267	0.0267
2021-11-01	0.8536	0.0260	0.0260
2021-12-01	0.7513	0.0244	0.0244
2022-01-01	0.7789	0.0236	0.0236
2022-02-01	0.7635	0.0244	0.0244
2022-03-01	0.8896	0.0231	0.0231
2022-04-01	0.7704	0.0251	0.0251
2022-05-01	0.7613	0.0252	0.0252
2022-06-01	0.8582	0.0266	0.0266
2022-07-01	0.7784	0.0304	0.0304
2022-08-01	0.8533	0.0308	0.0308
2022-09-01	0.7901	0.0282	0.0282
2022-10-01	0.9288	0.0255	0.0255
2022-11-01	0.6746	0.0239	0.0239
2022-12-01	0.7683	0.0232	0.0232
2023-01-01	0.7786	0.0245	0.0245
2023-02-01	0.8722	0.0251	0.0251
2023-03-01	1.1244	0.0247	0.0247
2023-04-01	0.9273	0.0255	0.0255
2023-05-01	0.8712	0.0268	0.0268
2023-06-01	1.0516	0.0279	0.0279
2023-07-01	1.1508	0.0304	0.0304
